k,alpha,l_0,f_ref
33.101233147424736,0.057373184351920785,89.50189577618607,89.57336011655711
33.33661238208078,0.06246975102915635,89.262123309006,92.00794577313043
33.68548074425478,0.07420681831319687,88.58399467786948,99.25635362539906
33.02493806318534,0.060540748927391495,89.23520638958065,93.70675991704405
32.85767040178066,0.054635846172391034,89.60375681661456,89.07054746157482
33.363791093286835,0.06667574098044482,88.93827025290665,96.31052970668549
33.25136116786039,0.055229330501748074,89.6906526815224,87.12527526604748
32.777352272677945,0.053581700981686006,89.68811715782529,87.93357072846317
32.83109301377126,0.050876201056856446,89.92265182431447,84.08510680191358
33.04243522336976,0.0585654035643578,89.43775834665456,89.81483144287819
33.927750111905254,0.07183970799608447,88.79763105553516,96.5689929998066
32.88762417808009,0.06260675277465036,89.13498662344882,94.09164987008201
32.67759895194234,0.053966422553804023,89.64612182858222,88.43953298308895
33.06183644880967,0.06155335181894519,89.26354762980806,91.4702837809519
33.46218964889312,0.07030166108600422,88.71620464515601,99.29067927234611
33.714727670071916,0.06500229798293265,89.12339287447773,93.91038372614558
33.13608255417168,0.059573634614518034,89.31758880718026,92.89410961194127
32.73672381939426,0.0602551164215065,89.25805497960377,92.35420143923318
32.93865340768987,0.06667812511862932,88.81767642538254,98.6706609035786
32.73805965265152,0.04764750050290277,90.09099513782304,82.97037815735759
32.928006473129244,0.06637525228136572,88.94288058858358,95.17046001789812
33.43740678297911,0.06406163116888965,89.12938974070096,93.99063657436561
33.87525822103055,0.0633863705215244,89.29250109713229,91.30230777505292
33.971173398606794,0.07332423824899409,88.66978587878431,98.7526916530133
33.74665645368318,0.07397948134873272,88.57168862061359,100.16845503159792
33.13765535860381,0.06897591650282914,88.79372885301646,97.62191488495526
33.27934084655886,0.06839149543518452,88.82580485522985,97.65997621131737
33.049964702190394,0.05904647445754798,89.37698378215215,90.91628516638039
33.56978125360347,0.056503518358261014,89.69707311042428,86.04161367194686
33.168707984269425,0.06624830341647558,88.95696680639603,95.99820702905646
33.59453787217776,0.06911990208068249,88.86736322215958,96.0017179144934
33.34086356386493,0.07585129355934614,88.33844274866742,103.55697224771093
33.45502277439126,0.061052939420142116,89.3366794252647,91.5608036835136
32.75875045757125,0.06327533715772522,89.02422767511698,96.21463123262171
33.24994055871316,0.05995454160317014,89.41970990429776,89.45164991217878
32.929382529535346,0.0669195853806855,88.81826166059857,98.20881444170578
32.517821484708975,0.05545397923579856,89.5317359249083,89.50868332146982
33.16931362516658,0.06436346927575713,89.0338835123805,95.70199970512421
32.8685073312215,0.05240326298877356,89.78775484112901,86.43285379428633
32.84005730020052,0.061673830955844666,89.17565606124523,93.20129247383716
33.19899752912633,0.062206714833683806,89.22415879565904,92.36743949578856
33.386408998343384,0.07235477918647427,88.62346195796579,99.25547969797753
32.953244653224786,0.0611827124757346,89.20796235671742,93.53178031300278
33.606755895017166,0.07746786371433868,88.2927327287288,104.17969330878485
33.38403443063793,0.0603343596871915,89.33212003589328,91.9233967052205
33.61199466160607,0.07045141935905348,88.75962215345464,98.00549008863779
33.482367755153426,0.0727452038692941,88.53724648706796,101.91354923581497
33.814397914427865,0.07673860081860272,88.4448329388228,101.22933962445128
32.87456616246285,0.0577320640842917,89.45216633713027,90.30931277065349
33.902543638665875,0.07925209583943879,88.26164292215876,103.8900754644386
33.532339208956415,0.0739483918079821,88.51567826509043,101.24228424525852
33.31266955550328,0.06742585458951743,88.89338655702396,96.31257989177193
33.43743894234476,0.06096662217715796,89.35915199949137,90.64270521678834
32.980857735752686,0.0638613721617576,89.07258794872578,94.56260254158786
33.231485418997686,0.06330787904206328,89.16637616699632,92.87428502473661
33.126636681430256,0.06609219820356492,88.92755059162573,96.46484972511459
33.33550124559721,0.07307406600542951,88.5289373792261,101.02300253784142
33.23803020782066,0.06322551310388855,89.13815830770815,94.60661038309937
33.20871879352879,0.07013303007966182,88.7416749008464,97.53871585599711
32.93041512560674,0.050723491218931605,89.89361491389843,85.39879891161989
33.16188631290791,0.06279635915708828,89.16271705065728,93.4912713190975
33.29641919084881,0.055391816888069045,89.65925684678145,87.80144213510158
33.33661238208078,0.06246975102915635,89.262123309006,92.00794577313043
33.48080841288705,0.06915815665452599,88.85332335843117,96.35806223187751
32.823653271037344,0.05882255790793223,89.28684492882842,93.5682280691182
32.74066436879196,0.05123908023738413,89.79995955486389,86.75030959045944
33.22668599838437,0.06334265192122507,89.12993628791425,93.9538814750256
33.25136116786039,0.055229330501748074,89.6906526815224,87.12527526604748
32.841624556555814,0.05538824207667163,89.57054332853441,89.43226761913975
32.83109301377126,0.050876201056856446,89.92265182431447,84.08510680191358
33.05623740649903,0.05948514187888342,89.3625652169985,91.14509941487326
33.85002302399559,0.06971093158890343,88.91325466659922,95.28217186051673
33.06933665422468,0.06423178234351754,89.0698772814063,94.4665334575702
32.52999228455039,0.0543796967555871,89.59746485564933,89.1038029049263
33.064017121118454,0.06201382981083803,89.24271100953943,91.57204550790257
33.30727165066165,0.0681975960586185,88.82988768984889,97.81774526853512
33.57707624200679,0.0644784798048758,89.13161780416735,93.79879034551799
33.080574748476664,0.06110691328134149,89.22997743043834,93.49075634849815
32.76305223280771,0.06080611761581197,89.2292507148615,92.64339951631622
32.950022446164944,0.06664268885077207,88.82432150395033,98.53725567205072
32.746454458066765,0.04797289415517919,90.07041736471633,83.21821236254924
32.928006473129244,0.06637525228136572,88.94288058858358,95.17046001789812
33.43740678297911,0.06406163116888965,89.12938974070096,93.99063657436561
33.709606943909094,0.06309741173152858,89.27576052702968,91.5632137125925
33.54118838431649,0.0664965480391016,89.01267694332618,95.20468866969837
33.74665645368318,0.07397948134873272,88.57168862061359,100.16845503159792
33.131158521205236,0.0706327880715907,88.69479522077158,98.72942882196479
33.71578365482635,0.07268068427422103,88.6594548522951,98.87169743161111
33.02642220108687,0.05919086135395704,89.36486159761553,91.05800292293782
33.52034526846102,0.06068177268396572,89.40366970217474,89.82414794138322
32.935445693302476,0.0631279693870755,89.11246660790317,94.31507842079162
33.50835928017228,0.06815790103224689,88.91257121787284,95.37226310528443
33.40900304531906,0.07925707184968567,88.11587759745949,106.50679051235858
33.45502277439126,0.061052939420142116,89.3366794252647,91.5608036835136
32.75875045757125,0.06327533715772522,89.02422767511698,96.21463123262171
33.24994055871316,0.05995454160317014,89.41970990429776,89.45164991217878
32.929382529535346,0.0669195853806855,88.81826166059857,98.20881444170578
32.517821484708975,0.05545397923579856,89.5317359249083,89.50868332146982
33.16931362516658,0.06436346927575713,89.0338835123805,95.70199970512421
32.89345506208389,0.052771181348246425,89.76856812029384,86.6509737350348
32.84005730020052,0.061673830955844666,89.17565606124523,93.20129247383716
33.190282019737964,0.06219377575896901,89.22298108972619,92.38768646972193
33.386408998343384,0.07235477918647427,88.62346195796579,99.25547969797753
32.953244653224786,0.0611827124757346,89.20796235671742,93.53178031300278
33.485117208595916,0.07885096181929072,88.16687639792148,105.99116873494162
33.395109115026784,0.06003019333233905,89.35141494222833,91.71382078437108
33.61199466160607,0.07045141935905348,88.75962215345464,98.00549008863779
33.41397212917496,0.07502434437929059,88.36471307442675,104.2692977091915
33.73500384188105,0.07902135252360046,88.26558026153823,103.72289438707382
32.81966537534133,0.054971810798451586,89.61421430549139,88.50773535370628
34.07874572987073,0.08216726464689464,88.11006353646202,105.66269676524442
33.532339208956415,0.0739483918079821,88.51567826509043,101.24228424525852
33.34521939727336,0.06751475560565491,88.88919841688353,96.40922504146404
33.43743894234476,0.06096662217715796,89.35915199949137,90.64270521678834
32.979923275563166,0.06386687962754779,89.07201447353069,94.57081014030942
33.231485418997686,0.06330787904206328,89.16637616699632,92.87428502473661
33.126636681430256,0.06609219820356492,88.92755059162573,96.46484972511459
33.33550124559721,0.07307406600542951,88.5289373792261,101.02300253784142
33.23803020782066,0.06322551310388855,89.13815830770815,94.60661038309937
33.20871879352879,0.07013303007966182,88.7416749008464,97.53871585599711
32.96166502758289,0.053171084628097304,89.73976119865817,87.16115882021103
33.16188631290791,0.06279635915708828,89.16271705065728,93.4912713190975
33.25156423355918,0.05269000544281231,89.81728524103373,86.1991551286699
33.40046911635517,0.06533296256700774,89.07937845315075,94.21883882297446
33.17886802549207,0.06526689709429408,89.01862990728033,95.01869576158386
33.00976544159574,0.06507447866558251,88.93283575407423,97.40025146010822
32.74066436879196,0.05123908023738413,89.79995955486389,86.75030959045944
33.37316748704246,0.06786076875273733,88.88085560130449,96.76900900278122
33.277287497537195,0.05482310470006556,89.7231152310134,86.74227661799833
32.841624556555814,0.05538824207667163,89.57054332853441,89.43226761913975
32.83109301377126,0.050876201056856446,89.92265182431447,84.08510680191358
33.11067500375297,0.06000691325503877,89.33869174570798,91.43141424106011
33.6953928662987,0.06751465719001125,89.01404483311491,94.38513398852106
32.909431512703335,0.05617968208009998,89.56538773544578,88.89588138080725
32.85368906624229,0.05672932969752715,89.51245588689999,89.65274726590806
33.00851758849348,0.05884744418552061,89.42256950158574,89.900493624777
33.30727165066165,0.0681975960586185,88.82988768984889,97.81774526853512
33.62196066616945,0.06262434295638884,89.25124130164608,92.51424689319833
33.09303839118655,0.06149675423573194,89.2079807664763,93.72865127952366
32.76305223280771,0.06080611761581197,89.2292507148615,92.64339951631622
32.950022446164944,0.06664268885077207,88.82432150395033,98.53725567205072
32.746454458066765,0.04797289415517919,90.07041736471633,83.21821236254924
32.928006473129244,0.06637525228136572,88.94288058858358,95.17046001789812
33.36150946982328,0.06241110174150302,89.22868892180536,92.7506794213285
33.709606943909094,0.06309741173152858,89.27576052702968,91.5632137125925
33.54118838431649,0.0664965480391016,89.01267694332618,95.20468866969837
33.74665645368318,0.07397948134873272,88.57168862061359,100.16845503159792
33.15491412113642,0.07050150738937061,88.70823638424375,98.54652373838766
33.71578365482635,0.07268068427422103,88.6594548522951,98.87169743161111
33.02642220108687,0.05919086135395704,89.36486159761553,91.05800292293782
33.19656319319284,0.05899336804045094,89.44503086291772,89.72226328690951
32.813180751024014,0.06483062160797312,89.01346883025546,95.00953405868479
33.50835928017228,0.06815790103224689,88.91257121787284,95.37226310528443
33.349812896187295,0.07649742716792175,88.28602196206889,104.40178067838482
33.45502277439126,0.061052939420142116,89.3366794252647,91.5608036835136
32.75875045757125,0.06327533715772522,89.02422767511698,96.21463123262171
33.2804146209951,0.06047174048019648,89.39195774669454,89.7891569773555
32.929382529535346,0.0669195853806855,88.81826166059857,98.20881444170578
32.517821484708975,0.05545397923579856,89.5317359249083,89.50868332146982
33.16931362516658,0.06436346927575713,89.0338835123805,95.70199970512421
32.902994860913005,0.05282711154573257,89.76453920406026,86.72232786991219
32.84005730020052,0.061673830955844666,89.17565606124523,93.20129247383716
33.263235691903404,0.06230208302740328,89.2328391449131,92.21820801093567
33.38782896514207,0.07283669892084868,88.59586009142444,99.52211888687731
32.64763132310266,0.05842057913479984,89.30947177395358,92.66220204072569
33.485692830386355,0.07858613349814642,88.18534455322207,105.72817696801
33.395109115026784,0.06003019333233905,89.35141494222833,91.71382078437108
33.83944071333847,0.06829400587189711,88.94938559104544,95.52325632505789
33.612052992539326,0.08182010325604229,87.94739340849105,109.4041700675237
33.73500384188105,0.07902135252360046,88.26558026153823,103.72289438707382
32.81966537534133,0.054971810798451586,89.61421430549139,88.50773535370628
34.02514008340017,0.08095950196128174,88.17561684599444,104.95773933029179
33.5505194431973,0.07206092684445883,88.64996524150776,99.41398743982373
33.05740445826192,0.05812135379927761,89.45698794023161,90.06855567175833
33.39429096162853,0.060628818812787776,89.37237241344523,90.49677298890776
32.979923275563166,0.06386687962754779,89.07201447353069,94.57081014030942
33.231485418997686,0.06330787904206328,89.16637616699632,92.87428502473661
33.125044558657315,0.06609446702685769,88.92767346939681,96.45447452917867
33.33550124559721,0.07307406600542951,88.5289373792261,101.02300253784142
33.23803020782066,0.06322551310388855,89.13815830770815,94.60661038309937
33.20871879352879,0.07013303007966182,88.7416749008464,97.53871585599711
32.96166502758289,0.053171084628097304,89.73976119865817,87.16115882021103
33.16188631290791,0.06279635915708828,89.16271705065728,93.4912713190975
33.21473023472442,0.05791769143350906,89.46645721770014,90.45478038052514
33.46011839542643,0.07042224009818647,88.76765633844218,97.83927789284323
33.17886802549207,0.06526689709429408,89.01862990728033,95.01869576158386
33.00976544159574,0.06507447866558251,88.93283575407423,97.40025146010822
32.74066436879196,0.05123908023738413,89.79995955486389,86.75030959045944
33.353217605343154,0.06685200579672675,88.94473184426232,95.9431520129126
33.14092793250774,0.05173677958939721,89.90979794847759,84.45877030617125
32.841624556555814,0.05538824207667163,89.57054332853441,89.43226761913975
32.83428832413993,0.05101146207007011,89.91417147373082,84.19075352645625
33.11067500375297,0.06000691325503877,89.33869174570798,91.43141424106011
33.69365507645203,0.06748406988503972,89.0154341720703,94.37321135403904
32.797440511637824,0.05488401145220603,89.61774213547349,88.62622266576368
32.55282456454225,0.04945219762662373,89.96864801427417,83.88638571601652
33.09910822223902,0.06105595649534101,89.29343579300607,91.49058676995689
33.30727165066165,0.0681975960586185,88.82988768984889,97.81774526853512
33.62196066616945,0.06262434295638884,89.25124130164608,92.51424689319833
33.093940058209306,0.061431274194725806,89.22067502084427,93.39618914908976
32.76305223280771,0.06080611761581197,89.2292507148615,92.64339951631622
32.9568646495147,0.06471601245523459,88.96056086535751,96.76846797636962
32.746454458066765,0.04797289415517919,90.07041736471633,83.21821236254924
32.928006473129244,0.06637525228136572,88.94288058858358,95.17046001789812
33.33839619216911,0.06123106302218378,89.29945873817529,91.93584999419554
33.709606943909094,0.06309741173152858,89.27576052702968,91.5632137125925
33.54118838431649,0.0664965480391016,89.01267694332618,95.20468866969837
33.39149434074872,0.06895716130265166,88.81860155540738,97.32373986589256
33.15491412113642,0.07050150738937061,88.70823638424375,98.54652373838766
33.71578365482635,0.07268068427422103,88.6594548522951,98.87169743161111
33.02642220108687,0.05919086135395704,89.36486159761553,91.05800292293782
33.24399380307386,0.059241055101862616,89.42266696759387,90.1980262028395
32.76615438937755,0.06405024383706925,89.0554722535315,94.52280443154066
33.45281431901611,0.06865107835934077,88.87283964111185,95.8613134830762
33.267252913683,0.07957225580111058,88.05891203869915,107.34777678584574
33.40374364457755,0.06028882353922725,89.37642429432518,91.11134664830172
32.75875045757125,0.06327533715772522,89.02422767511698,96.21463123262171
33.29043943890408,0.06060302478421713,89.37596498040017,90.16031295268613
33.03912461180956,0.07165086242776329,88.53565890695961,101.6538271894611
32.517821484708975,0.05545397923579856,89.5317359249083,89.50868332146982
33.16931362516658,0.06436346927575713,89.0338835123805,95.70199970512421
32.902994860913005,0.05282711154573257,89.76453920406026,86.72232786991219
32.84396697681584,0.06121461907893913,89.19924910587831,92.93825127041853
33.263235691903404,0.06230208302740328,89.2328391449131,92.21820801093567
33.38782896514207,0.07283669892084868,88.59586009142444,99.52211888687731
32.64763132310266,0.05842057913479984,89.30947177395358,92.66220204072569
33.485692830386355,0.07858613349814642,88.18534455322207,105.72817696801
33.395109115026784,0.06003019333233905,89.35141494222833,91.71382078437108
34.021324584911554,0.07142592696875792,88.77655727745672,97.57702867035236
33.564712944386706,0.07800238837593507,88.19850279054766,106.19949353082387
33.73500384188105,0.07902135252360046,88.26558026153823,103.72289438707382
32.6905345840435,0.052428281906750605,89.7656311937808,86.48037441732684
34.02514008340017,0.08095950196128174,88.17561684599444,104.95773933029179
33.6306365049145,0.07441550377301107,88.50855210539106,101.11684666852875
32.99264905544502,0.05463958433551487,89.67308640180754,87.5177904283099
33.39429096162853,0.060628818812787776,89.37237241344523,90.49677298890776
33.83699638885487,0.07513493610054234,88.50546831361572,100.9932115121617
33.099408786559664,0.06544763549838949,88.983635716601,95.75597473094413
33.231485418997686,0.06330787904206328,89.16637616699632,92.87428502473661
33.125044558657315,0.06609446702685769,88.92767346939681,96.45447452917867
33.333140192008564,0.07351641039920181,88.49961598882771,101.36592645401494
33.06066201056846,0.059718795606196626,89.33162515516128,92.29139654828113
33.19253089278398,0.07096210499009316,88.6866576596378,98.15300124884644
32.96166502758289,0.053171084628097304,89.73976119865817,87.16115882021103
32.9991164736215,0.05989172342585702,89.31060710346493,91.91016408613447
33.21473023472442,0.05791769143350906,89.46645721770014,90.45478038052514
34.029277294204014,0.08357705926939445,88.01425641838382,106.5921344380994
33.17886802549207,0.06526689709429408,89.01862990728033,95.01869576158386
33.00976544159574,0.06507447866558251,88.93283575407423,97.40025146010822
32.747019262308896,0.051583620977496504,89.77895814359918,87.00156524141683
33.27797157599753,0.06149441708517332,89.28679931946421,91.87251536168127
33.14092793250774,0.05173677958939721,89.90979794847759,84.45877030617125
32.841624556555814,0.05538824207667163,89.57054332853441,89.43226761913975
32.83428832413993,0.05101146207007011,89.91417147373082,84.19075352645625
33.21472877574654,0.05976768776326205,89.37145068160702,91.06863121868173
33.49456450144269,0.05939069774354147,89.51983018047684,88.01612214389459
32.90359765554967,0.06046247957452128,89.26551441607525,92.85647862820159
32.55282456454225,0.04945219762662373,89.96864801427417,83.88638571601652
33.1559950712163,0.06448456865745211,89.09056808797493,93.61346516841476
33.228308896677554,0.06411041890307084,89.08086262211098,94.76364052529837
33.654408378206895,0.0620770828044592,89.2889661652216,92.09515893700971
33.08295036238785,0.0636986580346211,89.05950043120055,95.4865053419185
32.63674540660018,0.060428354937302066,89.22834456092409,92.75076929953958
32.9568646495147,0.06471601245523459,88.96056086535751,96.76846797636962
32.746454458066765,0.04797289415517919,90.07041736471633,83.21821236254924
32.97586661067713,0.06397370208448004,89.0831338247964,94.13173689841963
33.33839619216911,0.06123106302218378,89.29945873817529,91.93584999419554
33.709606943909094,0.06309741173152858,89.27576052702968,91.5632137125925
33.54118838431649,0.0664965480391016,89.01267694332618,95.20468866969837
33.13369894851463,0.06599712832198244,88.94511601324047,96.09318335202416
33.15491412113642,0.07050150738937061,88.70823638424375,98.54652373838766
33.49438774777281,0.06727276062247624,88.96046927850507,95.56232516370585
33.02642220108687,0.05919086135395704,89.36486159761553,91.05800292293782
33.22418654371346,0.0564374747579448,89.60821899480969,87.81289842841153
32.76615438937755,0.06405024383706925,89.0554722535315,94.52280443154066
33.44469965461287,0.06847104105810413,88.88220330635839,95.76990172478814
33.25396371729769,0.07916061007620785,88.08534094192343,107.00765689327798
33.47453002980801,0.05961029761420919,89.42686655919691,90.68294960928525
32.875311412926,0.06287553495843047,89.083172892536,95.2398612238211
33.11254260973327,0.06053839229559805,89.32517210843285,91.40019795278693
33.03912461180956,0.07165086242776329,88.53565890695961,101.6538271894611
32.94280948264254,0.05767085315467459,89.44438230134608,90.57692698881438
33.16931362516658,0.06436346927575713,89.0338835123805,95.70199970512421
32.902994860913005,0.05282711154573257,89.76453920406026,86.72232786991219
32.84396697681584,0.06121461907893913,89.19924910587831,92.93825127041853
33.263235691903404,0.06230208302740328,89.2328391449131,92.21820801093567
33.27656807139516,0.0686357590530337,88.83260108075045,96.9163981295825
32.51935455781532,0.056595080814248334,89.38148624027507,92.48184405899717
33.500013446218745,0.07817407007925457,88.21727786251485,105.27257178268464
33.214472342876796,0.05667248737765393,89.5516420975762,89.34797130452566
33.78666794342978,0.06823583695988898,88.93449073142888,95.95693692837537
33.564712944386706,0.07800238837593507,88.19850279054766,106.19949353082387
33.73500384188105,0.07902135252360046,88.26558026153823,103.72289438707382
32.6905345840435,0.052428281906750605,89.7656311937808,86.48037441732684
34.02514008340017,0.08095950196128174,88.17561684599444,104.95773933029179
33.6306365049145,0.07441550377301107,88.50855210539106,101.11684666852875
33.0207971546314,0.05279903569807572,89.80191510852595,85.83029393580907
33.39429096162853,0.060628818812787776,89.37237241344523,90.49677298890776
33.86110884693398,0.07685934801065392,88.40200007911953,102.16828275009586
33.099408786559664,0.06544763549838949,88.983635716601,95.75597473094413
33.20149819179359,0.06389040175705082,89.12904805514691,93.13750512540875
33.17990646154632,0.06657988454089275,88.92521671254546,96.00437460247991
33.333140192008564,0.07351641039920181,88.49961598882771,101.36592645401494
33.06066201056846,0.059718795606196626,89.33162515516128,92.29139654828113
33.14445810671696,0.0694134829781068,88.75140986959481,97.95500551540373
32.96166502758289,0.053171084628097304,89.73976119865817,87.16115882021103
33.0064657598932,0.06121054829586402,89.22639202944625,92.84208535745496
33.16890697720929,0.05560265733288585,89.58428534507657,89.47725095266131
34.029277294204014,0.08357705926939445,88.01425641838382,106.5921344380994
33.182724872192665,0.0653988136282948,89.00649966247182,95.25564630638439
33.00976544159574,0.06507447866558251,88.93283575407423,97.40025146010822
32.747019262308896,0.051583620977496504,89.77895814359918,87.00156524141683
33.293995960253255,0.06192227049577448,89.26263643954807,92.14572475085556
33.108559878246034,0.0540192147760644,89.74287189503531,86.62346581553741
32.841624556555814,0.05538824207667163,89.57054332853441,89.43226761913975
32.83428832413993,0.05101146207007011,89.91417147373082,84.19075352645625
33.29469472724407,0.0597568283250097,89.39453338756853,90.40107629952132
33.49456450144269,0.05939069774354147,89.51983018047684,88.01612214389459
32.90359765554967,0.06046247957452128,89.26551441607525,92.85647862820159
32.55282456454225,0.04945219762662373,89.96864801427417,83.88638571601652
33.1559950712163,0.06448456865745211,89.09056808797493,93.61346516841476
33.228308896677554,0.06411041890307084,89.08086262211098,94.76364052529837
33.88206668032912,0.06143107723022116,89.3803810687777,90.74410926568213
33.08295036238785,0.0636986580346211,89.05950043120055,95.4865053419185
32.899683134780105,0.06487976672559025,88.99784593735693,95.37764249362932
32.9568646495147,0.06471601245523459,88.96056086535751,96.76846797636962
32.746454458066765,0.04797289415517919,90.07041736471633,83.21821236254924
32.99133027808205,0.06251075292874665,89.16930717461383,93.19155996639613
33.55733237542999,0.0622350343168336,89.29294809841403,91.60504203014239
33.861904871339775,0.06535658828577602,89.17786433161064,92.13350535113116
33.72432196934921,0.06814181436993838,88.95507193656387,95.59220208211478
33.139928085867886,0.06647733374342428,88.91487230773414,96.47424413210558
33.15491412113642,0.07050150738937061,88.70823638424375,98.54652373838766
33.49438774777281,0.06727276062247624,88.96046927850507,95.56232516370585
33.359752611346295,0.06624673547778802,88.98034481328678,95.49487052026838
33.22418654371346,0.0564374747579448,89.60821899480969,87.81289842841153
32.76615438937755,0.06405024383706925,89.0554722535315,94.52280443154066
33.44469965461287,0.06847104105810413,88.88220330635839,95.76990172478814
33.25396371729769,0.07916061007620785,88.08534094192343,107.00765689327798
33.47453002980801,0.05961029761420919,89.42686655919691,90.68294960928525
32.875311412926,0.06287553495843047,89.083172892536,95.2398612238211
33.11254260973327,0.06053839229559805,89.32517210843285,91.40019795278693
33.03831587612981,0.07044959513168403,88.61396635207667,100.70601711640882
33.030963500105074,0.059528636544010846,89.32587482408876,92.0892882746536
33.17247322142954,0.06457635429885897,89.01767181786518,95.94141689075892
32.916126220744914,0.05290409844679999,89.75899347403562,86.82054554067793
32.84396697681584,0.06121461907893913,89.19924910587831,92.93825127041853
33.24773122172094,0.061980155894271985,89.2492417335286,92.06152705768493
33.27656807139516,0.0686357590530337,88.83260108075045,96.9163981295825
32.55545378921818,0.05764073964018608,89.32274157732732,93.1188594832321
33.571414164299966,0.0801669613146281,88.09647273376093,106.94412354258706
33.18257518696268,0.05939717369897421,89.36682662240594,91.58650499657509
33.56935614949514,0.06565038364454043,89.05750972355109,94.5566053279534
33.564712944386706,0.07800238837593507,88.19850279054766,106.19949353082387
33.73500384188105,0.07902135252360046,88.26558026153823,103.72289438707382
32.9624062075082,0.05878684960196458,89.40209174662446,90.71315108163112
33.977049242067785,0.0799628705393332,88.23128583207681,104.26757894208004
33.6306365049145,0.07441550377301107,88.50855210539106,101.11684666852875
33.0207971546314,0.05279903569807572,89.80191510852595,85.83029393580907
33.4089730456009,0.06160334472230921,89.31195492504597,91.23978248263553
33.86110884693398,0.07685934801065392,88.40200007911953,102.16828275009586
33.074361810705355,0.06509533446070925,89.00181287990732,95.6786847274055
33.20149819179359,0.06389040175705082,89.12904805514691,93.13750512540875
33.17990646154632,0.06657988454089275,88.92521671254546,96.00437460247991
33.333140192008564,0.07351641039920181,88.49961598882771,101.36592645401494
33.06171539664434,0.05978846709885459,89.3272823478118,92.34598529256144
33.134790169294526,0.06927641993055923,88.75918049400498,97.8672921153521
32.96166502758289,0.053171084628097304,89.73976119865817,87.16115882021103
33.01777655008763,0.061521486031112384,89.20990166038426,93.0127010648725
33.164033241729356,0.056029442333490075,89.56188024356828,89.64352506235531
34.029277294204014,0.08357705926939445,88.01425641838382,106.5921344380994
32.7411162046771,0.05793833179786853,89.40001169320593,90.75571664620776
33.00976544159574,0.06507447866558251,88.93283575407423,97.40025146010822
32.747019262308896,0.051583620977496504,89.77895814359918,87.00156524141683
33.290782966689946,0.06028826981724395,89.37465663576491,90.8032188146364
33.108559878246034,0.0540192147760644,89.74287189503531,86.62346581553741
32.83528018289541,0.05513662110222149,89.58577379530944,89.25172084796905
32.83428832413993,0.05101146207007011,89.91417147373082,84.19075352645625
33.29469472724407,0.0597568283250097,89.39453338756853,90.40107629952132
33.49456450144269,0.05939069774354147,89.51983018047684,88.01612214389459
32.78613331471107,0.060963197777444335,89.21962753876366,93.23571983641972
32.55282456454225,0.04945219762662373,89.96864801427417,83.88638571601652
33.08268620626009,0.06584571329371372,88.99916189750223,94.39315858062758
33.228308896677554,0.06411041890307084,89.08086262211098,94.76364052529837
33.88206668032912,0.06143107723022116,89.3803810687777,90.74410926568213
33.08295036238785,0.0636986580346211,89.05950043120055,95.4865053419185
32.86719538317348,0.06482344691307527,88.99613826690567,95.40359523991933
32.93513024867139,0.06478889330688782,88.94682537408467,97.05502214541147
32.746454458066765,0.04797289415517919,90.07041736471633,83.21821236254924
32.988619659947105,0.06238179054250526,89.17657208061827,93.12349305547806
33.55733237542999,0.0622350343168336,89.29294809841403,91.60504203014239
33.7579251263243,0.06513527733271346,89.16206437404927,92.58108486966819
33.69063713914583,0.07022284807826348,88.79540112078976,97.83082744463098
33.231981181064974,0.06778442788533547,88.84465539698188,97.35533565536169
33.15491412113642,0.07050150738937061,88.70823638424375,98.54652373838766
33.75187127424233,0.07367072008323741,88.60490900650633,99.45479274066093
33.359752611346295,0.06624673547778802,88.98034481328678,95.49487052026838
33.22418654371346,0.0564374747579448,89.60821899480969,87.81289842841153
32.76615438937755,0.06405024383706925,89.0554722535315,94.52280443154066
33.45063486659135,0.06857150996623912,88.87684538803236,95.8411016921653
33.2266880269526,0.07673541190296254,88.23972225190248,105.1556919173027
33.47911543799863,0.05956826439278528,89.43028874811425,90.64550123235128
32.6448726603245,0.06206939573957181,89.08468105012753,95.55074078750611
33.07671839126172,0.057325515771105,89.53786911276845,88.95168846675082
33.08887032542963,0.07274261069248446,88.46532848999418,102.70377910599382
33.030963500105074,0.059528636544010846,89.32587482408876,92.0892882746536
33.30288347443904,0.06644210656885942,88.95277553775809,95.85925243697072
32.72618937524221,0.05072556943648872,89.85195458207617,86.20870310895761
32.86452135177839,0.0625667370600588,89.12494900343603,93.83817265254963
33.25112770064196,0.059598582347123036,89.41218332473898,89.94806209080764
33.27656807139516,0.0686357590530337,88.83260108075045,96.9163981295825
33.24037741727818,0.06969401337266877,88.71465492428207,99.38023632565559
33.3770777536668,0.07662457878084909,88.28512059577949,104.67007532500169
33.18257518696268,0.05939717369897421,89.36682662240594,91.58650499657509
33.57999536740597,0.06605913604166543,89.03360554027881,94.83417703670546
33.564712944386706,0.07800238837593507,88.19850279054766,106.19949353082387
33.72007393443595,0.07855707155610091,88.29290666341323,103.39913727452281
33.143783720817645,0.05929766749001166,89.43745788708942,89.64093381981097
33.6306365049145,0.07441550377301107,88.50855210539106,101.11684666852875
33.0207971546314,0.05279903569807572,89.80191510852595,85.83029393580907
33.382627067624846,0.06252608655532255,89.24934915194338,91.99749349242016
34.06319025709928,0.07975750897482425,88.25540528557303,103.85740729111923
33.0914982405879,0.06545653438776425,88.97909005456303,95.88661247566095
33.27189322120286,0.06365964330269804,89.15964950038882,92.61501781984785
33.17990646154632,0.06657988454089275,88.92521671254546,96.00437460247991
33.12061782440284,0.0699818158622061,88.68027162970415,99.57032086604042
33.220105906907875,0.06368267506823216,89.11233915143761,94.6780891488039
33.130027689884706,0.06928879644847455,88.75728996261266,97.89952339262054
32.98427325528679,0.055538859376836835,89.60140824406881,88.5121843111635
32.92131878909261,0.05995132383864735,89.28394087066837,92.38974718992301
33.17436351120495,0.059204238669937945,89.38817739313613,91.00886239549914
33.45319353081783,0.07157699780953086,88.67102280146254,99.31344397509488
32.7411162046771,0.05793833179786853,89.40001169320593,90.75571664620776
33.00976544159574,0.06507447866558251,88.93283575407423,97.40025146010822
33.09457942890123,0.05521340652004088,89.65848040751476,87.47326855458509
33.075301685477065,0.05936704319380471,89.38459636769014,90.78459693530735
33.116810636745164,0.05525562839287324,89.67133236277982,87.33027114864399
32.638257786957,0.054601551470464645,89.60009325085524,89.01691176259979
32.83428832413993,0.05101146207007011,89.91417147373082,84.19075352645625
33.20868907190574,0.06135790822924918,89.25845076269238,92.46665975797586
33.49456450144269,0.05939069774354147,89.51983018047684,88.01612214389459
32.78613331471107,0.060963197777444335,89.21962753876366,93.23571983641972
32.55622329167932,0.049657050588420015,89.9539860708226,84.09048966538342
33.23914888232222,0.06767528415695015,88.90698132545742,95.57662316138138
33.18926316119759,0.06418751572173677,89.0717017221769,94.83283622574109
33.88206668032912,0.06143107723022116,89.3803810687777,90.74410926568213
33.08295036238785,0.0636986580346211,89.05950043120055,95.4865053419185
32.86719538317348,0.06482344691307527,88.99613826690567,95.40359523991933
32.93513024867139,0.06478889330688782,88.94682537408467,97.05502214541147
32.746454458066765,0.04797289415517919,90.07041736471633,83.21821236254924
33.01584031454067,0.06196291501241863,89.20327332108585,92.90778473455734
33.55733237542999,0.0622350343168336,89.29294809841403,91.60504203014239
33.6968685354719,0.06386632395629215,89.22360308292704,92.138426714653
33.69063713914583,0.07022284807826348,88.79540112078976,97.83082744463098
33.231981181064974,0.06778442788533547,88.84465539698188,97.35533565536169
33.18555796310489,0.07048556782432384,88.71322228614109,98.50558526199964
33.75187127424233,0.07367072008323741,88.60490900650633,99.45479274066093
33.359752611346295,0.06624673547778802,88.98034481328678,95.49487052026838
33.15362964205922,0.057825804467673415,89.50224368008504,89.22119368274944
32.76615438937755,0.06405024383706925,89.0554722535315,94.52280443154066
33.007488969647504,0.05913449994713926,89.41574302931284,89.94043055721806
33.2266880269526,0.07673541190296254,88.23972225190248,105.1556919173027
33.46202064702217,0.058985425484346536,89.46030538870768,90.43578771108207
32.6448726603245,0.06206939573957181,89.08468105012753,95.55074078750611
33.090774073108896,0.058387771067660674,89.46716823541946,89.84733323747102
33.077487717250555,0.07411417557955627,88.3691901632445,103.95637884861132
33.030963500105074,0.059528636544010846,89.32587482408876,92.0892882746536
33.31600768280059,0.06685011199991302,88.92787325285764,96.15189815555252
32.72618937524221,0.05072556943648872,89.85195458207617,86.20870310895761
32.89075931568011,0.06247458080782691,89.13512664106831,93.73361402106251
33.248680390962654,0.06189681442432044,89.25339048660955,92.09530328629396
33.50509638189738,0.07607243020773607,88.4093449934586,101.3624485845521
33.164563276734874,0.06495115771493819,89.02233815665156,95.43252695802677
33.339274369965004,0.07564540470022653,88.3433676919184,103.91834785182336
33.26831546621201,0.05917418262311745,89.39659748160308,91.29452670732437
33.774031808278,0.06441143075882541,89.16214437129058,93.50263312064281
33.54368814422087,0.07992985992093832,88.08218239260425,107.42892237637886
33.72007393443595,0.07855707155610091,88.29290666341323,103.39913727452281
33.143783720817645,0.05929766749001166,89.43745788708942,89.64093381981097
34.05393234974735,0.0783889281193679,88.35330445319865,102.64033755653884
33.33154205950902,0.07066952307444577,88.68335763123144,99.4280128157868
33.0207971546314,0.05279903569807572,89.80191510852595,85.83029393580907
33.48713319866376,0.06019123607579979,89.42265934727078,89.91911220003433
34.06319025709928,0.07975750897482425,88.25540528557303,103.85740729111923
33.05690013984241,0.0650169171061465,89.00017310876787,95.84052687543604
33.18733335109521,0.06319025280685717,89.1700903273622,92.72306807511889
33.17990646154632,0.06657988454089275,88.92521671254546,96.00437460247991
33.29822166292234,0.07918507730501873,88.12528089449376,106.17284690279212
33.220105906907875,0.06368267506823216,89.11233915143761,94.6780891488039
33.09809361174308,0.06888306359869262,88.77748641694569,97.65619510048509
32.956696865276356,0.05661493895585745,89.53238650340906,89.27209659088815
32.92907905888549,0.06005645979904714,89.27880734369492,92.44975581002797
33.28680920462062,0.061331514129842016,89.27181693541203,92.2132095368649
33.66240153928372,0.07741734683197962,88.32146067150873,103.71301634054065
32.911731419920606,0.05851429917146277,89.4158781094759,90.28336935159989
33.00976544159574,0.06507447866558251,88.93283575407423,97.40025146010822
33.09457942890123,0.05521340652004088,89.65848040751476,87.47326855458509
32.98973862312883,0.053467190270452186,89.76035292060921,86.51500066291032
33.116810636745164,0.05525562839287324,89.67133236277982,87.33027114864399
32.90127584140562,0.05678607907257653,89.51219535721134,89.75757524755115
32.85947592148837,0.051608224781619916,89.8794796399882,84.60651318199123
33.20868907190574,0.06135790822924918,89.25845076269238,92.46665975797586
33.479455065524775,0.05922530283641043,89.52588997953876,87.98868940890385
32.78613331471107,0.060963197777444335,89.21962753876366,93.23571983641972
32.55622329167932,0.049657050588420015,89.9539860708226,84.09048966538342
33.123460412130726,0.06314511853984114,89.16313870412934,92.99437559292602
33.18752850244009,0.06421590898701116,89.06941619049267,94.8415395161267
33.88206668032912,0.06143107723022116,89.3803810687777,90.74410926568213
33.08295036238785,0.0636986580346211,89.05950043120055,95.4865053419185
32.96571989701416,0.06450496961116038,89.02857888538092,95.20105060010746
32.93513024867139,0.06478889330688782,88.94682537408467,97.05502214541147
32.746454458066765,0.04797289415517919,90.07041736471633,83.21821236254924
32.911008766225265,0.06283928764891604,89.14121850264036,93.5858566574502
33.55733237542999,0.0622350343168336,89.29294809841403,91.60504203014239
33.6968685354719,0.06386632395629215,89.22360308292704,92.138426714653
33.64662599178968,0.06827449938816052,88.90702889668506,96.6882338109973
33.26057449248888,0.06844582142311342,88.80042059733397,98.09712457834901
33.10045180712209,0.06532752255031395,89.01784337863697,95.0719447937635
33.48780072448573,0.06850771436446207,88.90136905170456,95.7203566518723
33.359752611346295,0.06624673547778802,88.98034481328678,95.49487052026838
33.15362964205922,0.057825804467673415,89.50224368008504,89.22119368274944
32.76615438937755,0.06405024383706925,89.0554722535315,94.52280443154066
32.99576924298287,0.05923945056118444,89.40880612416088,89.99810963749594
33.2266880269526,0.07673541190296254,88.23972225190248,105.1556919173027
33.321635016866,0.07050943006128034,88.68898503541344,99.51433766508347
33.02167778254965,0.05608754377972216,89.6056572818987,88.1712988878566
33.039345927932864,0.07467732513852551,88.31923036988059,104.65033450255257
33.05306511820163,0.06001404314622488,89.30092281059424,92.39179414425566
33.35132949315717,0.0685313171233121,88.82329452776577,97.38687357830082
32.83290868176626,0.05274451169181721,89.74151987374783,87.35171790869448
32.904450764209265,0.06272989510076674,89.12095010520488,93.91730152076506
33.248680390962654,0.06189681442432044,89.25339048660955,92.09530328629396
33.50509638189738,0.07607243020773607,88.4093449934586,101.3624485845521
33.09877225290784,0.06422726416578678,89.04695993646476,95.3739427488713
33.339274369965004,0.07564540470022653,88.3433676919184,103.91834785182336
33.23570125662787,0.05920652266072476,89.40729860703904,90.86145942131296
33.774031808278,0.06441143075882541,89.16214437129058,93.50263312064281
33.457194706773734,0.07513476621869283,88.38588321776223,103.56581458653075
33.743019034815624,0.07254176507871081,88.66254217795235,99.19073792425668
33.143783720817645,0.05929766749001166,89.43745788708942,89.64093381981097
34.05393234974735,0.0783889281193679,88.35330445319865,102.64033755653884
33.14890250965691,0.06694461999959174,88.88313035003524,97.06262459898646
33.03562685996109,0.05162559811201702,89.8864952990001,84.76000711577173
33.48713319866376,0.06019123607579979,89.42265934727078,89.91911220003433
34.06319025709928,0.07975750897482425,88.25540528557303,103.85740729111923
33.05690013984241,0.0650169171061465,89.00017310876787,95.84052687543604
33.10346256351174,0.06298786160923904,89.16020263809708,93.00884927729643
33.17990646154632,0.06657988454089275,88.92521671254546,96.00437460247991
33.29822166292234,0.07918507730501873,88.12528089449376,106.17284690279212
33.220105906907875,0.06368267506823216,89.11233915143761,94.6780891488039
33.09809361174308,0.06888306359869262,88.77748641694569,97.65619510048509
32.956696865276356,0.05661493895585745,89.53238650340906,89.27209659088815
32.92907905888549,0.06005645979904714,89.27880734369492,92.44975581002797
33.23562563022243,0.06031916657608652,89.33626475558381,91.43291939698484
33.66240153928372,0.07741734683197962,88.32146067150873,103.71301634054065
32.911731419920606,0.05851429917146277,89.4158781094759,90.28336935159989
32.53145808376106,0.06312213937479437,88.96219291293406,97.35327402359057
33.05555586924018,0.05210261562500276,89.8602005519072,84.97572031180388
33.05816153456131,0.05528686943976323,89.65259481513432,87.64481001136691
32.852758133464356,0.051335889133222526,89.87514656373588,85.14151461907154
32.94148939998217,0.05532721923562854,89.61437474689912,88.54283230958168
32.85947592148837,0.051608224781619916,89.8794796399882,84.60651318199123
33.20868907190574,0.06135790822924918,89.25845076269238,92.46665975797586
33.53711073648857,0.05921639767068258,89.54034224330891,87.74267233153078
32.85048655214132,0.05932260967156629,89.33763078062604,91.74025385345698
32.55622329167932,0.049657050588420015,89.9539860708226,84.09048966538342
33.03855020987455,0.06399157895226734,89.10194002660312,93.60402600263832
33.19712713990184,0.06353781877209644,89.115708599256,94.28959537318285
33.577475267681336,0.06069995577619521,89.38858388714755,90.5089315346099
33.07812292736973,0.062045949267762926,89.14940216206935,94.79484161287002
32.97043341102197,0.06464152840000915,89.02147264740061,95.29981108505288
32.93513024867139,0.06478889330688782,88.94682537408467,97.05502214541147
32.746454458066765,0.04797289415517919,90.07041736471633,83.21821236254924
32.911008766225265,0.06283928764891604,89.14121850264036,93.5858566574502
33.55733237542999,0.0622350343168336,89.29294809841403,91.60504203014239
33.6968685354719,0.06386632395629215,89.22360308292704,92.138426714653
33.717642803327195,0.06860261516104847,88.9035159077285,96.64588230939599
33.26057449248888,0.06844582142311342,88.80042059733397,98.09712457834901
33.10045180712209,0.06532752255031395,89.01784337863697,95.0719447937635
33.48780072448573,0.06850771436446207,88.90136905170456,95.7203566518723
33.35441254575024,0.06610987756472991,88.98806004833975,95.412331903682
33.16565444270013,0.05821018194294856,89.48062182829587,89.45505933763802
33.03078227956873,0.06263383454883073,89.1902445168354,92.83306633296995
32.99433812310536,0.05930023122935798,89.40428809902957,90.05868617354353
33.18852178625258,0.07261940536347312,88.50471120605533,101.96886752546422
33.77467027728496,0.0691844488925851,88.84346844503915,97.45290495752283
33.321635016866,0.07050943006128034,88.68898503541344,99.51433766508347
33.02167778254965,0.05608754377972216,89.6056572818987,88.1712988878566
32.9805666661496,0.07448760321152616,88.31449999499118,104.79378750312014
33.05306511820163,0.06001404314622488,89.30092281059424,92.39179414425566
33.35132949315717,0.0685313171233121,88.82329452776577,97.38687357830082
32.83290868176626,0.05274451169181721,89.74151987374783,87.35171790869448
32.904450764209265,0.06272989510076674,89.12095010520488,93.91730152076506
33.248680390962654,0.06189681442432044,89.25339048660955,92.09530328629396
33.50509638189738,0.07607243020773607,88.4093449934586,101.3624485845521
33.122122233711686,0.06545860075016063,88.96572459540967,96.42460354338498
33.339274369965004,0.07564540470022653,88.3433676919184,103.91834785182336
33.182543600694956,0.059441557722771536,89.37633711148986,91.30687513895437
33.66880108710805,0.0658818380416262,89.04141189143,95.09934361582009
33.30267882571314,0.07341603711869235,88.4343918681457,103.45497515474234
33.768219469684915,0.07275571622182742,88.65534011466285,99.24786269089373
33.112445434980934,0.05830292033748446,89.52388799396225,88.27658703388532
33.828432059487405,0.07445306502600672,88.57160832553076,99.88398614819906
33.12933574018407,0.06623053279286227,88.93400421050043,96.3619927808694
33.03562685996109,0.05162559811201702,89.8864952990001,84.76000711577173
33.43586176086407,0.08147648029888788,87.99173915967037,108.0860129889356
33.58150610171302,0.06440967926897931,89.16503686260204,93.05118002549686
33.92256333454941,0.07681626375301542,88.41769991846046,102.0037248621369
33.05690013984241,0.0650169171061465,89.00017310876787,95.84052687543604
33.03037301983691,0.06371926902370455,89.08911632448567,93.98472297688097
33.19042646765488,0.06780465520427248,88.84611748576191,96.93739396616331
33.29822166292234,0.07918507730501873,88.12528089449376,106.17284690279212
33.08977996228823,0.05931916065460084,89.3895715305201,91.03838167923095
32.92840548141121,0.0691187616420538,88.74679134863354,97.83666188624383
32.956696865276356,0.05661493895585745,89.53238650340906,89.27209659088815
32.88988121651173,0.058647429393353205,89.34213742795728,92.03645147680511
33.23666142232877,0.055744028404015,89.64054367438395,87.62350138987512
33.66240153928372,0.07741734683197962,88.32146067150873,103.71301634054065
32.91864096050856,0.05843057502916744,89.4241215385612,90.15490966579216
32.53145808376106,0.06312213937479437,88.96219291293406,97.35327402359057
33.05555586924018,0.05210261562500276,89.8602005519072,84.97572031180388
33.05838439548179,0.05522706681155558,89.65635824160776,87.60257878265672
32.852758133464356,0.051335889133222526,89.87514656373588,85.14151461907154
32.94148939998217,0.05532721923562854,89.61437474689912,88.54283230958168
32.85820950007139,0.05269502652112795,89.80314402913831,85.61151382449899
33.150985342489484,0.059209403967049545,89.37859981019389,91.22616035586674
33.50049836570601,0.06022101719563343,89.4596999486403,88.86438359248851
32.8214121070443,0.05989450750923786,89.29622486428693,92.26360517154626
32.55622329167932,0.049657050588420015,89.9539860708226,84.09048966538342
33.03855020987455,0.06399157895226734,89.10194002660312,93.60402600263832
33.23320733526043,0.0644203450026798,89.0693218774163,94.76489787333773
33.60490590051688,0.06087062500315861,89.36324175825617,91.09496435254844
33.037459148819615,0.058892006269878644,89.31915538129574,93.28862972587282
32.97043341102197,0.06464152840000915,89.02147264740061,95.29981108505288
32.93513024867139,0.06478889330688782,88.94682537408467,97.05502214541147
32.746454458066765,0.04797289415517919,90.07041736471633,83.21821236254924
32.908605250153514,0.06236241272379002,89.1640754771909,93.40959294945638
33.62042930707534,0.06425256891489005,89.16245642290363,93.30277723532777
33.60593024989321,0.06424515157670944,89.17719937695153,92.81518735347254
33.76891053092216,0.06740491675820258,88.98381807498046,95.9533720393662
33.32148328074609,0.06900253927159847,88.76074247228544,99.1041064065642
33.12725793945966,0.06584955683958954,88.98144463953601,95.57839002021456
33.21947280848585,0.06309751154716378,89.18051337564712,92.94695310058036
33.35441254575024,0.06610987756472991,88.98806004833975,95.412331903682
33.16565444270013,0.05821018194294856,89.48062182829587,89.45505933763802
33.03039047845763,0.06260002036013519,89.19297220599219,92.78940921254403
33.05078818259578,0.06002623251305719,89.36520550940575,90.57278158023982
33.23192645806039,0.07665856872051405,88.24957940721629,105.03766977028494
33.77467027728496,0.0691844488925851,88.84346844503915,97.45290495752283
33.321635016866,0.07050943006128034,88.68898503541344,99.51433766508347
32.99302543353409,0.05500596790604042,89.67365793218163,87.37030846701846
32.97956875987022,0.07448953116720813,88.31398752676894,104.80323709059027
33.08791344438581,0.060279923091225,89.29731855618532,92.27392545802941
33.368984695162005,0.06933313708425635,88.77308748123218,97.97655301810946
32.76298179937679,0.05142926533016369,89.81188747832526,86.64306708688656
32.904450764209265,0.06272989510076674,89.12095010520488,93.91730152076506
33.24796158272058,0.06150103167454425,89.28076527310411,91.73258916259968
33.52446922957317,0.07311546742914762,88.60094239109429,99.25521746034886
32.96354659165678,0.06144412865339751,89.18568119525547,93.96883823160377
33.235394519299284,0.07399527560766396,88.44536516698179,102.38071711973274
33.217953494065924,0.058676245013074585,89.43780899527748,90.48419814551576
33.65877094642001,0.06571866638170214,89.0508374525017,94.98194260999543
33.30267882571314,0.07341603711869235,88.4343918681457,103.45497515474234
33.768219469684915,0.07275571622182742,88.65534011466285,99.24786269089373
33.06001376866407,0.05838407976187301,89.48107120564282,89.16233569206459
33.828432059487405,0.07445306502600672,88.57160832553076,99.88398614819906
33.28330412558244,0.07357249301271383,88.47701739324859,101.64751271500786
33.03454170457632,0.051024331726792084,89.92380605584071,84.34396402622295
33.37643866118831,0.07858865632192266,88.17090973368529,105.94254600020088
33.69004673279854,0.06614411987352466,89.07122570641504,94.09897210672386
33.85880929991962,0.0752490833475303,88.50722926734001,100.94675741860235
33.05666266232744,0.06486742736245446,89.01006728551808,95.71683300632778
33.076507190925135,0.06538474068611261,89.00603020415541,94.62448905990848
33.19042646765488,0.06780465520427248,88.84611748576191,96.93739396616331
33.28901213179083,0.07893439587972563,88.14075836725488,105.96525091520118
33.08977996228823,0.05931916065460084,89.3895715305201,91.03838167923095
32.92840548141121,0.0691187616420538,88.74679134863354,97.83666188624383
32.94249220013855,0.057512847491493185,89.46865918550144,90.08411641075291
32.88988121651173,0.058647429393353205,89.34213742795728,92.03645147680511
33.33253959783143,0.054941292881800066,89.72304736400076,86.40340406072609
32.92221565259182,0.05881552082829631,89.39964967450838,90.42692810197292
32.65887265061132,0.060881689584135985,89.15859113586104,94.59750017412486
33.0035114616443,0.054593002808482116,89.67996990287747,87.3271692860622
33.08456556648176,0.052428914200131155,89.8395689302887,85.54116534741718
32.852758133464356,0.051335889133222526,89.87514656373588,85.14151461907154
32.772083502105666,0.053053502416975776,89.72583701789792,87.45355228961539
32.85820950007139,0.05269502652112795,89.80314402913831,85.61151382449899
32.99155582978366,0.05562197872237196,89.5685162359871,89.1886378282202
33.50049836570601,0.06022101719563343,89.4596999486403,88.86438359248851
32.6553522476049,0.05686998109426563,89.47404381371726,89.99206317248765
32.55622329167932,0.049657050588420015,89.9539860708226,84.09048966538342
33.04032559206555,0.06341631982972494,89.14013236942976,93.16427854718324
33.32114540317638,0.06650978553013404,88.94852682040958,96.1807817693858
33.60490590051688,0.06087062500315861,89.36324175825617,91.09496435254844
33.037459148819615,0.058892006269878644,89.31915538129574,93.28862972587282
33.34546358280936,0.06571469066204795,89.0063001464129,95.48183231010356
32.85655101750222,0.06294447226906541,89.05637995662747,95.68675841537686
32.804376927878785,0.050157019052372534,89.93497950674026,84.79954509766615
32.908605250153514,0.06236241272379002,89.1640754771909,93.40959294945638
33.5422240625044,0.06302804812108333,89.22806040659425,92.54526327363354
33.60593024989321,0.06424515157670944,89.17719937695153,92.81518735347254
33.72201678806611,0.06800951728045841,88.92855660096694,96.70788582204196
33.32148328074609,0.06900253927159847,88.76074247228544,99.1041064065642
33.12725793945966,0.06584955683958954,88.98144463953601,95.57839002021456
33.21947280848585,0.06309751154716378,89.18051337564712,92.94695310058036
33.35441254575024,0.06610987756472991,88.98806004833975,95.412331903682
33.16565444270013,0.05821018194294856,89.48062182829587,89.45505933763802
33.05945284744816,0.06850664124085287,88.81909694445874,97.00436213941968
33.05078818259578,0.06002623251305719,89.36520550940575,90.57278158023982
33.21351010091959,0.07475673017536767,88.37835061442853,103.37331570756484
33.78968656146243,0.0700877518078463,88.78702928246118,98.13675453184362
33.321635016866,0.07050943006128034,88.68898503541344,99.51433766508347
32.99302543353409,0.05500596790604042,89.67365793218163,87.37030846701846
32.95308594308128,0.0698116967309165,88.61757824232576,101.03347786056958
33.12755357638603,0.061034195567682685,89.25061310267165,92.87084181738683
33.368984695162005,0.06933313708425635,88.77308748123218,97.97655301810946
32.98506139002306,0.06047658825424165,89.24506267422662,93.56098858635656
32.904450764209265,0.06272989510076674,89.12095010520488,93.91730152076506
33.24796158272058,0.06150103167454425,89.28076527310411,91.73258916259968
33.53159869992088,0.07321619734049986,88.59675810573235,99.28183410673633
32.86387958198058,0.059945014798960736,89.25644525468898,93.28719294264059
33.235394519299284,0.07399527560766396,88.44536516698179,102.38071711973274
33.22249869552746,0.05879869963941765,89.43006188672837,90.58908201751743
33.735545880388585,0.06683092512088168,88.99051868537175,95.6711590976992
33.30267882571314,0.07341603711869235,88.4343918681457,103.45497515474234
33.848517640868955,0.07651527567824226,88.41408672566078,102.36220209013405
33.057934779241485,0.05750164919153761,89.5409499380099,88.47383339723741
33.828432059487405,0.07445306502600672,88.57160832553076,99.88398614819906
33.30808950051288,0.0723461469850673,88.56266351082658,100.58559035748128
33.043139596187544,0.05396649326160223,89.73577207881017,86.45023867323646
33.3473824865015,0.07685482009474483,88.27642002242978,104.67773384748624
33.69069254059012,0.06611849305033843,89.07307971185273,94.07458283555096
33.94807787095178,0.07726935036717314,88.39798834250252,102.15705010696028
33.020477448239724,0.06479602681603554,89.00647105414906,95.81055914771716
33.076507190925135,0.06538474068611261,89.00603020415541,94.62448905990848
33.1953325741377,0.06815143192836329,88.82423069969458,97.18964115920966
33.28901213179083,0.07893439587972563,88.14075836725488,105.96525091520118
33.08952630846904,0.05929005015139037,89.39145434359861,91.01342904498344
32.92840548141121,0.0691187616420538,88.74679134863354,97.83666188624383
32.92920956718888,0.05692638420954804,89.50679994968547,89.59103811103789
32.88988121651173,0.058647429393353205,89.34213742795728,92.03645147680511
33.33253959783143,0.054941292881800066,89.72304736400076,86.40340406072609
32.88993085294648,0.05871049385003527,89.42477208668598,89.65422952695505
32.71719359408288,0.0590216075350707,89.30582733478238,92.6673209720981
33.0035114616443,0.054593002808482116,89.67996990287747,87.3271692860622
33.23501370991158,0.05020381332387455,90.00453361298945,83.6846980971237
32.870853509546485,0.05558967693413659,89.60523608404726,88.17828286610737
32.772083502105666,0.053053502416975776,89.72583701789792,87.45355228961539
33.007000902489,0.060043693899865025,89.33876146435159,91.41087252728838
33.03323608523517,0.05657765317995635,89.52174063324806,89.602172003092
33.40964339569296,0.059641169777061284,89.48247046837132,88.63548231061841
32.6553522476049,0.05686998109426563,89.47404381371726,89.99206317248765
32.55622329167932,0.049657050588420015,89.9539860708226,84.09048966538342
33.08312251832138,0.07102596052097415,88.65740134117101,98.40663117237361
33.33197877925102,0.06166695695072488,89.26870401947843,92.52581058880125
33.60490590051688,0.06087062500315861,89.36324175825617,91.09496435254844
33.04802595612628,0.05922479937917731,89.30175040499758,93.43804922806206
33.34546358280936,0.06571469066204795,89.0063001464129,95.48183231010356
32.87388603871351,0.06417763716762197,88.97758322084151,96.64688237504487
32.9748543992301,0.05368042292342624,89.72911345105891,87.16006705743317
32.908605250153514,0.06236241272379002,89.1640754771909,93.40959294945638
33.5422240625044,0.06302804812108333,89.22806040659425,92.54526327363354
33.60593024989321,0.06424515157670944,89.17719937695153,92.81518735347254
33.40280090948869,0.0629836933671122,89.196474961682,93.59805668681463
33.32148328074609,0.06900253927159847,88.76074247228544,99.1041064065642
33.12725793945966,0.06584955683958954,88.98144463953601,95.57839002021456
33.267268667904176,0.06687725510588279,88.94701867091095,95.57072618402552
33.498112735110055,0.0679158559846313,88.90943739130692,96.0348851135025
33.360378276506054,0.06343002398432898,89.1764909209185,93.13563302646193
33.05945284744816,0.06850664124085287,88.81909694445874,97.00436213941968
33.05078818259578,0.06002623251305719,89.36520550940575,90.57278158023982
33.21351010091959,0.07475673017536767,88.37835061442853,103.37331570756484
33.78968656146243,0.0700877518078463,88.78702928246118,98.13675453184362
33.321635016866,0.07050943006128034,88.68898503541344,99.51433766508347
33.008020197244385,0.055003111510613004,89.67583923398813,87.3276047903315
32.952463456733724,0.0679267014815944,88.76044193730077,98.92584507569174
33.365336159801636,0.06111156860498761,89.29729992049562,91.9948315891859
33.368984695162005,0.06933313708425635,88.77308748123218,97.97655301810946
32.9177825582141,0.06036424649608424,89.23582077551232,93.83807563386283
32.904450764209265,0.06272989510076674,89.12095010520488,93.91730152076506
33.40541519882572,0.065111239854315,89.10406319397872,93.29477851367909
33.53675881146244,0.07323628401654139,88.59754524072788,99.25173455067925
32.86387958198058,0.059945014798960736,89.25644525468898,93.28719294264059
33.235394519299284,0.07399527560766396,88.44536516698179,102.38071711973274
33.23155310233573,0.056870093899234274,89.56859601959188,88.76322920974783
33.735545880388585,0.06683092512088168,88.99051868537175,95.6711590976992
33.185371438785246,0.06670687540250797,88.8620078521242,98.07592322125721
33.91938467271966,0.07841496461190847,88.30340251059249,103.7016957090545
32.987832839050874,0.05694912373532836,89.58818670603432,87.57276689606437
33.828432059487405,0.07445306502600672,88.57160832553076,99.88398614819906
33.30808950051288,0.0723461469850673,88.56266351082658,100.58559035748128
33.073128211916206,0.05300406417221203,89.83300753772417,84.85824945462231
33.28136153963824,0.07111325237700843,88.65113571935251,99.90660994089588
33.69069254059012,0.06611849305033843,89.07307971185273,94.07458283555096
33.40398764851136,0.06647541933986248,89.00624380447829,95.09464643650709
33.020477448239724,0.06479602681603554,89.00647105414906,95.81055914771716
32.950784630125156,0.06284292704374204,89.1457409458114,93.24162402527011
33.1953325741377,0.06815143192836329,88.82423069969458,97.18964115920966
33.47711415653359,0.08404265548759376,87.87376285766697,108.72679951821915
32.89696853372387,0.05328788448134307,89.75968451195513,86.71752268548605
32.87544843100522,0.06367634883262469,89.07846173233347,94.31918558046561
32.73148073780284,0.055786078421501434,89.52310173626857,89.84254058700763
32.88344521600871,0.058613971671772166,89.330689915874,92.35681869225267
33.36320225746118,0.05497375059223884,89.72706182168041,86.3173168980581
32.88993085294648,0.05871049385003527,89.42477208668598,89.65422952695505
32.81903637749888,0.05729982118809891,89.45666823796913,90.43292864444086
33.0035114616443,0.054593002808482116,89.67996990287747,87.3271692860622
33.235076911132204,0.05415237526967248,89.74576544146812,86.78759225175867
33.20169789176148,0.059485345241569086,89.4125847156233,90.26526741657571
32.75731319326003,0.05262893967823037,89.75060993524991,87.16331860294973
32.99046898608221,0.059572739426652116,89.36914714672696,91.00644955104752
33.03323608523517,0.05657765317995635,89.52174063324806,89.602172003092
33.40964339569296,0.059641169777061284,89.48247046837132,88.63548231061841
32.719347870081045,0.059009961354909136,89.32865986867706,91.94086612498934
32.60074816034374,0.05028738404422758,89.91784912905709,84.52545961815738
33.065191449182265,0.07019338727305603,88.7039219844509,97.95609280512416
33.31147971223025,0.060298111782147105,89.3434196703814,91.79452930708736
33.589323922104406,0.060531410040791885,89.38382610781088,90.82656187225913
33.04802595612628,0.05922479937917731,89.30175040499758,93.43804922806206
33.34697643441039,0.06616880335261878,88.97686122149531,95.8134665214874
32.87388603871351,0.06417763716762197,88.97758322084151,96.64688237504487
32.9748543992301,0.05368042292342624,89.72911345105891,87.16006705743317
32.64933364988198,0.060209760932342656,89.24668089573905,92.52767523179219
33.533470533024406,0.06280443226409169,89.24485762167343,92.28712320130488
33.60593024989321,0.06424515157670944,89.17719937695153,92.81518735347254
33.40280090948869,0.0629836933671122,89.196474961682,93.59805668681463
33.394200314570064,0.07221686707911436,88.55759418034376,101.6097692628938
33.1250402858019,0.06581684093590133,88.98600243473933,95.48308232573834
33.267268667904176,0.06687725510588279,88.94701867091095,95.57072618402552
33.50921064143994,0.06795875774852603,88.91112047118574,95.96245703955837
33.36835572959784,0.06206973295345397,89.27013968735926,91.99902800913007
33.062007841390916,0.06861070963123854,88.81325384137112,97.06524884673674
33.053026234049774,0.06022883344138184,89.35163246371323,90.74883809623132
33.21351010091959,0.07475673017536767,88.37835061442853,103.37331570756484
33.64388855116392,0.06974981776284374,88.77884359735694,98.43798689052555
33.32158247510616,0.06998763805804001,88.71383252734132,99.37228663415259
32.799637932075726,0.05071667711846613,89.93772381720846,83.98392458161948
32.952463456733724,0.0679267014815944,88.76044193730077,98.92584507569174
33.365336159801636,0.06111156860498761,89.29729992049562,91.9948315891859
33.368984695162005,0.06933313708425635,88.77308748123218,97.97655301810946
32.99712408060029,0.06079274760745646,89.2293844071551,93.79881223566296
32.780573380386336,0.05697803529849314,89.44233950695015,90.80474231898427
33.324265898578375,0.06438956945828127,89.13062890003413,93.13463527651399
33.42870641011123,0.07095808619739356,88.71758453797514,98.09652273910208
32.86387958198058,0.059945014798960736,89.25644525468898,93.28719294264059
33.235394519299284,0.07399527560766396,88.44536516698179,102.38071711973274
33.23155310233573,0.056870093899234274,89.56859601959188,88.76322920974783
33.683152749729246,0.06352953216175426,89.18634333732291,93.38249657653981
33.185371438785246,0.06670687540250797,88.8620078521242,98.07592322125721
33.91938467271966,0.07841496461190847,88.30340251059249,103.7016957090545
33.006324767160635,0.05985637282504764,89.39499489786218,89.93925544715822
33.828432059487405,0.07445306502600672,88.57160832553076,99.88398614819906
33.30808950051288,0.0723461469850673,88.56266351082658,100.58559035748128
33.073128211916206,0.05300406417221203,89.83300753772417,84.85824945462231
33.28136153963824,0.07111325237700843,88.65113571935251,99.90660994089588
33.70491630543453,0.06501493095194506,89.16249827109583,92.74854131729639
33.40398764851136,0.06647541933986248,89.00624380447829,95.09464643650709
33.1411327619603,0.06489482753891743,89.03706044225112,95.02201008701856
32.950784630125156,0.06284292704374204,89.1457409458114,93.24162402527011
33.1953325741377,0.06815143192836329,88.82423069969458,97.18964115920966
33.47711415653359,0.08404265548759376,87.87376285766697,108.72679951821915
32.93088388991242,0.053836128777810036,89.73034629595713,87.03188550345746
32.848254059373744,0.06437781381242431,89.04327641407568,94.45803303124724
32.73148073780284,0.055786078421501434,89.52310173626857,89.84254058700763
32.70009676606157,0.05748698416889518,89.36378416635503,92.12166216027128
33.36320225746118,0.05497375059223884,89.72706182168041,86.3173168980581
33.84945905413109,0.08332788399928177,87.95908569683458,108.14392386370541
32.770958139857974,0.056072367246349814,89.58661753860903,87.58738584950186
32.68669109354884,0.05212583452074904,89.76839415230107,86.76306156520538
33.0035114616443,0.054593002808482116,89.67996990287747,87.3271692860622
33.2235013394917,0.054482668299523036,89.72587880477487,86.96637803212562
33.087833322920915,0.058353768720185634,89.4928034422592,89.06178316344239
32.75731319326003,0.05262893967823037,89.75060993524991,87.16331860294973
33.08326413403357,0.06202152697115216,89.2276315419763,92.53659121400118
33.03323608523517,0.05657765317995635,89.52174063324806,89.602172003092
33.41825751883235,0.05883906978186429,89.54511758137929,87.72546585828508
32.43923657416429,0.05390402552556414,89.61462829677731,88.48436460223598
32.66678033828536,0.05158980262407467,89.84779834295406,85.25985699514742
33.065191449182265,0.07019338727305603,88.7039219844509,97.95609280512416
33.31147971223025,0.060298111782147105,89.3434196703814,91.79452930708736
33.589323922104406,0.060531410040791885,89.38382610781088,90.82656187225913
33.04802595612628,0.05922479937917731,89.30175040499758,93.43804922806206
33.60389730259785,0.06832555424831768,88.86734677692263,97.4812446022623
32.92810894233021,0.06476262217798705,88.95752388388854,96.71329524579441
32.995299557069536,0.05408235257049587,89.70568808784613,87.44154414348661
32.63882595217935,0.05993882591721746,89.26285341071245,92.32567688304647
33.533470533024406,0.06280443226409169,89.24485762167343,92.28712320130488
33.674692509159584,0.061640555313624744,89.35552840288419,90.76604682302211
33.40341643108003,0.0638766141682064,89.14723028227914,93.99530839749777
33.300942938471884,0.06976276135453638,88.69193500499826,100.11885709487925
33.08061201380366,0.06632261487035647,88.94793385559379,95.92867450495048
33.267268667904176,0.06687725510588279,88.94701867091095,95.57072618402552
33.50921064143994,0.06795875774852603,88.91112047118574,95.96245703955837
33.493432786086444,0.061536534540429816,89.34414240656194,90.8233443346936
33.062007841390916,0.06861070963123854,88.81325384137112,97.06524884673674
33.110929222499145,0.060836114058590164,89.33542087319115,90.51039293476288
33.21351010091959,0.07475673017536767,88.37835061442853,103.37331570756484
33.530056369879645,0.07107411213932414,88.67291591949596,99.74334789147666
33.63906963610408,0.07695373767284391,88.33744737244199,103.59323246941175
32.82864198577692,0.05269479831874388,89.81341768907933,85.4300181235903
32.952463456733724,0.0679267014815944,88.76044193730077,98.92584507569174
33.224148756756485,0.0600127512580178,89.34567783800533,91.459647549532
33.37793048992092,0.06942652843365825,88.76766345919233,98.04008157699934
32.99712408060029,0.06079274760745646,89.2293844071551,93.79881223566296
32.852047342740526,0.05781274787477178,89.41920718286174,90.741058514659
33.49561003359642,0.06627344456985405,89.07890461406392,92.7867652693481
33.44508538645213,0.06981121805504205,88.80604092747187,96.79661718178579
32.86387958198058,0.059945014798960736,89.25644525468898,93.28719294264059
33.376688206394654,0.07910099945161024,88.14317582590078,105.896328831126
33.22880157055168,0.05667347757552564,89.58047299577188,88.63297091438555
33.683152749729246,0.06352953216175426,89.18634333732291,93.38249657653981
33.20380074377123,0.06658924095874398,88.8740156905928,97.90215898149336
33.7891549662258,0.07632128115864173,88.41665615746743,102.29532362008052
33.13350672665851,0.06079551321656103,89.35266776541243,90.45069949160894
33.433028462851624,0.0678589605504836,88.90017385416819,96.45798440158518
33.13369039756697,0.06698054231322478,88.88147064057594,96.96509390843441
33.25787299451781,0.05693715220155371,89.596970954956,87.83960833121161
32.96227875912539,0.06784067692087858,88.79847593027749,98.40561098601496
33.633826986709444,0.06433425725057645,89.19478060546257,92.35569392909109
33.405382210912904,0.06672831868649466,88.98995846759779,95.2640037810801
33.2534797409428,0.06690056290290455,88.9481625586855,95.7249829628289
32.895586786224705,0.06297581250309241,89.1255596686066,93.4876099802608
33.1953325741377,0.06815143192836329,88.82423069969458,97.18964115920966
33.47711415653359,0.08404265548759376,87.87376285766697,108.72679951821915
32.93088388991242,0.053836128777810036,89.73034629595713,87.03188550345746
32.848254059373744,0.06437781381242431,89.04327641407568,94.45803303124724
32.73148073780284,0.055786078421501434,89.52310173626857,89.84254058700763
32.70009676606157,0.05748698416889518,89.36378416635503,92.12166216027128
33.369835974733725,0.054551174536665845,89.75518762725416,85.97672820605877
33.608861149850235,0.07705724326756407,88.31828490126708,103.86575475397869
32.770958139857974,0.056072367246349814,89.58661753860903,87.58738584950186
32.77111192812773,0.05420458555575257,89.6395200624817,88.41979465654717
33.0035114616443,0.054593002808482116,89.67996990287747,87.3271692860622
33.2235013394917,0.054482668299523036,89.72587880477487,86.96637803212562
33.087833322920915,0.058353768720185634,89.4928034422592,89.06178316344239
32.78582744141806,0.05458652108865333,89.61838499545773,88.80189972319775
33.01207173372045,0.059980878140515455,89.34451898899019,91.20305155885866
33.003127323000065,0.05587146630809221,89.55673925912554,89.28888304659925
33.191874328349236,0.05903112859260439,89.44986418784914,89.56265427726143
32.43923657416429,0.05390402552556414,89.61462829677731,88.48436460223598
32.66678033828536,0.05158980262407467,89.84779834295406,85.25985699514742
33.065191449182265,0.07019338727305603,88.7039219844509,97.95609280512416
33.33898667864,0.06142386729139894,89.28658830761594,92.20113924691945
33.41365568679177,0.05874514525298077,89.47627581769441,89.8141627642177
33.00433693354775,0.058245018583544646,89.34732020438777,93.09535531392635
33.60389730259785,0.06832555424831768,88.86734677692263,97.4812446022623
32.90845920300454,0.0646792908417096,88.96104778866646,96.63963410291709
32.995299557069536,0.05408235257049587,89.70568808784613,87.44154414348661
32.89861193635782,0.06288123305352875,89.12984801124969,93.76240775757131
33.41546368259499,0.061739400610306465,89.28332072741557,91.97143965438198
33.68917921289238,0.06167084934604519,89.3572987103925,90.72100178775231
33.40341643108003,0.0638766141682064,89.14723028227914,93.99530839749777
33.25643387890346,0.06615499462855254,88.89864341766325,97.94408969361271
33.08061201380366,0.06632261487035647,88.94793385559379,95.92867450495048
33.267268667904176,0.06687725510588279,88.94701867091095,95.57072618402552
33.35689210897627,0.06499911205061641,89.08047976213798,94.02733632250224
33.493432786086444,0.061536534540429816,89.34414240656194,90.8233443346936
33.17336559361388,0.06706658260721655,88.92218743846898,96.06392176180044
33.110929222499145,0.060836114058590164,89.33542087319115,90.51039293476288
33.21351010091959,0.07475673017536767,88.37835061442853,103.37331570756484
33.530056369879645,0.07107411213932414,88.67291591949596,99.74334789147666
33.63906963610408,0.07695373767284391,88.33744737244199,103.59323246941175
32.82864198577692,0.05269479831874388,89.81341768907933,85.4300181235903
32.958954162691505,0.06789281446169046,88.7647766224298,98.85562009024241
33.224148756756485,0.0600127512580178,89.34567783800533,91.459647549532
33.18137459287106,0.07322405418702792,88.49804354656092,101.03945586387549
32.99712408060029,0.06079274760745646,89.2293844071551,93.79881223566296
32.925876649883044,0.05925679551459105,89.33794253195687,91.72132981014795
33.47206055792261,0.06687007500868622,89.01164814171537,94.16824682404422
33.64463650109426,0.0710574084563579,88.79704897416353,96.44881347731284
32.86387958198058,0.059945014798960736,89.25644525468898,93.28719294264059
33.376688206394654,0.07910099945161024,88.14317582590078,105.896328831126
33.22880157055168,0.05667347757552564,89.58047299577188,88.63297091438555
33.683152749729246,0.06352953216175426,89.18634333732291,93.38249657653981
33.20380074377123,0.06658924095874398,88.8740156905928,97.90215898149336
33.860945203714046,0.0780871613170707,88.31226002320385,103.55586284396375
33.150592344268794,0.060056464576976096,89.39351145533871,90.12479502373924
33.539783077128725,0.06888903871409519,88.90109903066629,95.55960692205768
33.1052850782756,0.06750889724051294,88.84096048354381,97.46849984169376
33.25787299451781,0.05693715220155371,89.596970954956,87.83960833121161
32.95652428677742,0.06827548509716659,88.76665320438569,98.8338614390746
33.633826986709444,0.06433425725057645,89.19478060546257,92.35569392909109
33.67474703760069,0.0750348843000617,88.51982791389935,100.40222522206157
33.238233701549746,0.0669321571098749,88.94321939047784,95.7894843580661
32.88614086501007,0.06207290488278334,89.16455190913169,93.42790356361003
33.20318260644439,0.06830054284263908,88.81694128504135,97.21823689140193
33.47711415653359,0.08404265548759376,87.87376285766697,108.72679951821915
32.93088388991242,0.053836128777810036,89.73034629595713,87.03188550345746
32.848254059373744,0.06437781381242431,89.04327641407568,94.45803303124724
32.73148073780284,0.055786078421501434,89.52310173626857,89.84254058700763
32.70009676606157,0.05748698416889518,89.36378416635503,92.12166216027128
33.369835974733725,0.054551174536665845,89.75518762725416,85.97672820605877
33.637610112515965,0.07717470042163707,88.3175977931702,103.83041308593235
32.92213305692643,0.06020263267731738,89.33700694032379,90.77181894488575
32.65844896806766,0.05401628811483799,89.61991073416684,88.94947906086975
33.0035114616443,0.054593002808482116,89.67996990287747,87.3271692860622
33.18433499052889,0.05334406374753156,89.79624097940535,86.08626833878864
33.06870695829147,0.058706451984047836,89.46167556282434,89.4758195218399
32.790063546328575,0.05449302046451052,89.62581193868135,88.72078599264874
32.933357528224775,0.05756153059723229,89.48418871049913,89.60677338125902
33.01221411532654,0.05600598839634347,89.55254687982585,89.29351360645884
33.20390918526159,0.058843867835933164,89.46410440043691,89.39119994771433
32.43923657416429,0.05390402552556414,89.61462829677731,88.48436460223598
32.65649628394397,0.05110959444151652,89.87732484537564,84.93213325595006
33.065191449182265,0.07019338727305603,88.7039219844509,97.95609280512416
33.33898667864,0.06142386729139894,89.28658830761594,92.20113924691945
33.41365568679177,0.05874514525298077,89.47627581769441,89.8141627642177
33.00433693354775,0.058245018583544646,89.34732020438777,93.09535531392635
33.714125148337146,0.06874558830254021,88.84447527776649,97.99121903420088
32.90845920300454,0.0646792908417096,88.96104778866646,96.63963410291709
33.00395057077745,0.0507951549164912,89.9296459819492,84.72473974038917
33.04828795807693,0.06554445971769485,88.97607537800597,95.46071559642448
33.41546368259499,0.061739400610306465,89.28332072741557,91.97143965438198
33.68917921289238,0.06167084934604519,89.3572987103925,90.72100178775231
33.51739766544662,0.06741679743521117,88.93921944999664,96.37706854509152
33.276476031019925,0.06410419013758648,89.05002500560843,95.82903460922287
33.08061201380366,0.06632261487035647,88.94793385559379,95.92867450495048
33.283688841716106,0.06751175003940343,88.9062251804783,96.10220786661628
33.35689210897627,0.06499911205061641,89.08047976213798,94.02733632250224
33.493432786086444,0.061536534540429816,89.34414240656194,90.8233443346936
33.17336559361388,0.06706658260721655,88.92218743846898,96.06392176180044
33.19134074439519,0.06394331035408003,89.13565035390722,93.11312122780606
33.2527426973691,0.07405117137039086,88.4412083414066,102.43375863140875
33.530056369879645,0.07107411213932414,88.67291591949596,99.74334789147666
33.63906963610408,0.07695373767284391,88.33744737244199,103.59323246941175
33.02905104911059,0.05338223134021143,89.79185456682303,85.63246984659222
32.958954162691505,0.06789281446169046,88.7647766224298,98.85562009024241
33.27425575735225,0.060296289089910846,89.34539213274297,91.34124748828688
33.18137459287106,0.07322405418702792,88.49804354656092,101.03945586387549
33.00163554376827,0.060845495091278505,89.22751715445737,93.8016779099849
32.74988902177532,0.05554887960955582,89.53020283963309,89.68128360395455
33.47206055792261,0.06687007500868622,89.01164814171537,94.16824682404422
33.525804318609936,0.06824438767632768,88.93777284477495,95.12251887612682
32.86387958198058,0.059945014798960736,89.25644525468898,93.28719294264059
33.376688206394654,0.07910099945161024,88.14317582590078,105.896328831126
33.24507165863972,0.057307342843876424,89.54526528089625,88.9884744162198
33.86568318122473,0.06432814674684034,89.17072494076214,93.4037298038729
33.20380074377123,0.06658924095874398,88.8740156905928,97.90215898149336
33.860945203714046,0.0780871613170707,88.31226002320385,103.55586284396375
33.18666144075212,0.05978143801956414,89.42473973201943,89.6742770650065
33.539783077128725,0.06888903871409519,88.90109903066629,95.55960692205768
33.11837095333057,0.06707244048073786,88.87146078726568,97.02138823448765
33.22900240906163,0.0577031956339331,89.54558324465752,88.36434724373986
33.025143405432935,0.07018188431282744,88.65416782717114,100.20674027256622
33.79000723286092,0.0658895941128703,89.12101977937039,93.15159474872576
33.67474703760069,0.0750348843000617,88.51982791389935,100.40222522206157
33.238233701549746,0.0669321571098749,88.94321939047784,95.7894843580661
32.83539795298194,0.06137869221541246,89.19752466018222,93.08655611390526
33.15257801194882,0.06740012136001282,88.8689309201241,96.64404886497844
33.47711415653359,0.08404265548759376,87.87376285766697,108.72679951821915
32.93088388991242,0.053836128777810036,89.73034629595713,87.03188550345746
32.848254059373744,0.06437781381242431,89.04327641407568,94.45803303124724
32.73148073780284,0.055786078421501434,89.52310173626857,89.84254058700763
32.682524223534955,0.05491666965056271,89.5707592955955,89.22402671493941
33.33097508085566,0.055409650481149104,89.68980218468656,86.91481013144328
33.63720429630998,0.07721940627929344,88.31480336957065,103.86138267969457
32.92213305692643,0.06020263267731738,89.33700694032379,90.77181894488575
32.662157797058896,0.0540876646764863,89.61640690197413,88.97970111479732
33.0035114616443,0.054593002808482116,89.67996990287747,87.3271692860622
33.18433499052889,0.05334406374753156,89.79624097940535,86.08626833878864
33.02374139385581,0.05777088778451071,89.51328257522033,88.93968539493052
32.920814298621316,0.05553683113425002,89.58676434124209,89.01166038143246
32.96335822935736,0.05510041843667542,89.65718669835107,87.5965086266163
33.01221411532654,0.05600598839634347,89.55254687982585,89.29351360645884
33.18261716549075,0.058207075331013255,89.49979494309149,89.000166746169
32.43923657416429,0.05390402552556414,89.61462829677731,88.48436460223598
32.33436718851943,0.04771754786200558,90.05906205649853,82.71208538295423
33.065191449182265,0.07019338727305603,88.7039219844509,97.95609280512416
33.33898667864,0.06142386729139894,89.28658830761594,92.20113924691945
33.351634404585674,0.06106341741953699,89.2982817005828,92.20451816234805
33.141066024507424,0.06278674734474188,89.13151652778583,94.55708885036734
33.714125148337146,0.06874558830254021,88.84447527776649,97.99121903420088
32.90845920300454,0.0646792908417096,88.96104778866646,96.63963410291709
33.00395057077745,0.0507951549164912,89.9296459819492,84.72473974038917
33.04828795807693,0.06554445971769485,88.97607537800597,95.46071559642448
33.400822431984864,0.06829497502323527,88.85281286856446,97.2293452208187
33.70154456106727,0.06176956451313732,89.3536059045825,90.74851033381725
33.51739766544662,0.06741679743521117,88.93921944999664,96.37706854509152
33.276476031019925,0.06410419013758648,89.05002500560843,95.82903460922287
33.08061201380366,0.06632261487035647,88.94793385559379,95.92867450495048
33.2810930478497,0.06743802349084004,88.91050762434918,96.05407968524216
33.35689210897627,0.06499911205061641,89.08047976213798,94.02733632250224
33.6115919907603,0.05854009850843983,89.57231007810647,88.0506823479993
33.17336559361388,0.06706658260721655,88.92218743846898,96.06392176180044
33.17754379244519,0.06400628868404067,89.12950765518518,93.17941573709281
33.263028369283184,0.07429715351377554,88.42589845607556,102.63657198410655
33.530056369879645,0.07107411213932414,88.67291591949596,99.74334789147666
33.63906963610408,0.07695373767284391,88.33744737244199,103.59323246941175
33.02870909570962,0.05316603676527498,89.80635577741491,85.45776391719282
32.90499910387126,0.06885213594082829,88.67474909299915,100.2566926850175
33.27425575735225,0.060296289089910846,89.34539213274297,91.34124748828688
33.18137459287106,0.07322405418702792,88.49804354656092,101.03945586387549
33.019279572921505,0.06344060377712288,89.08215963993675,94.95500295581647
32.92007389116973,0.06087108277306871,89.22596016028764,93.07134059431014
33.482783913834396,0.06732183534065103,88.98643912699198,94.41294840745488
33.75337750374706,0.07234793224996587,88.7278812545252,97.24125053446991
32.861043517805925,0.05851033964022283,89.32702318379005,92.9869541796861
33.38281994801854,0.07905671257789863,88.14721540654115,105.84843250340528
33.21569739135822,0.056438168708779504,89.59250073390818,88.51155829604272
33.86568318122473,0.06432814674684034,89.17072494076214,93.4037298038729
33.20380074377123,0.06658924095874398,88.8740156905928,97.90215898149336
33.860945203714046,0.0780871613170707,88.31226002320385,103.55586284396375
33.23774377821153,0.060332227419143694,89.37841058932628,90.52166144122462
33.539783077128725,0.06888903871409519,88.90109903066629,95.55960692205768
33.11837095333057,0.06707244048073786,88.87146078726568,97.02138823448765
33.22900240906163,0.0577031956339331,89.54558324465752,88.36434724373986
33.025143405432935,0.07018188431282744,88.65416782717114,100.20674027256622
33.51617205604013,0.06504755972995097,89.12481474707164,93.16403363856978
33.67474703760069,0.0750348843000617,88.51982791389935,100.40222522206157
33.27333154867642,0.06934963392179523,88.79544328045652,97.44708861581488
32.86952021813371,0.06279843421051866,89.11607310723946,93.88433656020356
33.15257801194882,0.06740012136001282,88.8689309201241,96.64404886497844
33.44997306887785,0.08134550291801157,88.03288034334756,106.98206946224452
32.92985491210703,0.054009917855018776,89.71567413694044,87.23419206687315
32.848254059373744,0.06437781381242431,89.04327641407568,94.45803303124724
32.93406426002012,0.0570907166387757,89.45965556586968,90.7840275661155
32.682524223534955,0.05491666965056271,89.5707592955955,89.22402671493941
33.33097508085566,0.055409650481149104,89.68980218468656,86.91481013144328
33.64991917897491,0.07416621826414602,88.52009087335277,101.27002509192351
32.75487305405801,0.06156495786273276,89.22332183942204,92.08401816203627
32.662157797058896,0.0540876646764863,89.61640690197413,88.97970111479732
33.0035114616443,0.054593002808482116,89.67996990287747,87.3271692860622
33.18433499052889,0.05334406374753156,89.79624097940535,86.08626833878864
33.02374139385581,0.05777088778451071,89.51328257522033,88.93968539493052
32.666039834767794,0.05019398332377031,89.85892769395348,86.56293321950834
32.96335822935736,0.05510041843667542,89.65718669835107,87.5965086266163
33.137583728882355,0.06241263716540568,89.18904075747719,93.20826772650122
33.18261716549075,0.058207075331013255,89.49979494309149,89.000166746169
32.54958362454689,0.055718258751475146,89.51333176215931,89.71533516465978
32.64147882758172,0.05510531056917861,89.61235185232515,87.94138328247006
33.065191449182265,0.07019338727305603,88.7039219844509,97.95609280512416
33.326897578097004,0.06101490359207182,89.31505615893708,91.77941199022361
33.35363444347232,0.06256056174781569,89.21542950614277,92.8979210113414
32.93159822900097,0.06450106988561354,88.96562299191851,96.89736328097928
33.636986777471066,0.06891768732293724,88.82776778965122,97.98704359980877
32.83461000338459,0.06550473519248966,88.88034048469787,97.7622495747968
33.002098534633284,0.05058374307936588,89.9409778302813,84.64953590812158
33.04713964147586,0.06559428558204447,88.97245654545465,95.50580815843219
33.400822431984864,0.06829497502323527,88.85281286856446,97.2293452208187
33.70154456106727,0.06176956451313732,89.3536059045825,90.74851033381725
33.524070419223435,0.06785565036736022,88.92785632763496,96.13339555797106
33.276476031019925,0.06410419013758648,89.05002500560843,95.82903460922287
33.069896991816144,0.06376383442051953,89.11453888503362,93.89883320930305
33.2810930478497,0.06743802349084004,88.91050762434918,96.05407968524216
33.35689210897627,0.06499911205061641,89.08047976213798,94.02733632250224
33.6115919907603,0.05854009850843983,89.57231007810647,88.0506823479993
33.175375949100406,0.06514142228876793,89.04770085731612,94.5289762584695
33.186418767276656,0.06487933887727167,89.0431501520904,94.7757254879487
33.212334428657876,0.07250545603237052,88.53208795117179,101.38286557539462
33.530056369879645,0.07107411213932414,88.67291591949596,99.74334789147666
33.45742144223169,0.06815151670811405,88.8759290021498,97.12242832917143
33.026248878759404,0.05334052978409794,89.79321179576422,85.63018546757506
32.90499910387126,0.06885213594082829,88.67474909299915,100.2566926850175
33.27425575735225,0.060296289089910846,89.34539213274297,91.34124748828688
33.18137459287106,0.07322405418702792,88.49804354656092,101.03945586387549
33.019279572921505,0.06344060377712288,89.08215963993675,94.95500295581647
32.86602400399665,0.0606822277032566,89.22422931671845,93.15785505895894
33.43479187321543,0.06538014800014691,89.08760900740897,93.60217313257633
33.74814188231695,0.07127941624537214,88.79108541037311,96.5854218668851
32.8524920978867,0.05820607902344434,89.34178737852378,92.87238452946404
33.33075242893336,0.07794473306650858,88.20470006972437,105.23910785112297
33.21569739135822,0.056438168708779504,89.59250073390818,88.51155829604272
33.71288783686377,0.06313813734685063,89.23289219805446,92.59359635647805
33.27816837807498,0.06709828712415816,88.8800104222508,97.38364941239574
33.860945203714046,0.0780871613170707,88.31226002320385,103.55586284396375
33.14688455822575,0.06094281321193571,89.31353341069028,91.35316489416164
33.539783077128725,0.06888903871409519,88.90109903066629,95.55960692205768
33.18078898345731,0.06712630675611748,88.88205998306704,96.92060008030442
33.21987411577148,0.05770288918778696,89.54274913312712,88.41985647987167
33.0518717331274,0.07180504304076506,88.56517686020712,101.15231668889791
33.54540885318238,0.06305605824820126,89.24598530842759,92.07040382470207
33.67474703760069,0.0750348843000617,88.51982791389935,100.40222522206157
33.25932159632784,0.07273767237745762,88.5780741297974,100.006902598574
32.86975813621322,0.06280513886380265,89.11565387366065,93.88930351432111
33.15257801194882,0.06740012136001282,88.8689309201241,96.64404886497844
33.44997306887785,0.08134550291801157,88.03288034334756,106.98206946224452
33.06781162087258,0.05684277449676436,89.56455542451629,88.70721855461612
32.99287793145173,0.06393574266284638,89.09587403756734,93.82930748584536
32.99777419534819,0.05682049995316236,89.48198666489152,90.67962062656996
32.79310811218669,0.05768856221636484,89.41024873977894,91.01502450449938
33.33097508085566,0.055409650481149104,89.68980218468656,86.91481013144328
33.74323077293351,0.07661912498683686,88.37290937764726,103.10957647456905
32.80118134254249,0.06176602600073064,89.22048613269145,92.12601531940884
32.662157797058896,0.0540876646764863,89.61640690197413,88.97970111479732
33.0035114616443,0.054593002808482116,89.67996990287747,87.3271692860622
33.18144244094511,0.05300627508196959,89.81966666130467,85.78041728294845
33.02374139385581,0.05777088778451071,89.51328257522033,88.93968539493052
32.66502951766643,0.05120733073378539,89.79581060907552,87.19190751541224
32.953023468949034,0.05495915987946137,89.66448789805858,87.51707114631549
33.12638329989363,0.06258607430978981,89.17622758351936,93.36127216956646
33.18261716549075,0.058207075331013255,89.49979494309149,89.000166746169
32.35020478287993,0.05176077311618059,89.7300693163719,87.39499783796437
32.64147882758172,0.05510531056917861,89.61235185232515,87.94138328247006
33.07075257720998,0.07033845071498777,88.6940675742938,98.10367855793837
33.42624272075608,0.06501898336123417,89.08794048780014,94.24207101479641
33.4337579275601,0.06700631256321737,88.93426902611868,96.20980070584973
32.93159822900097,0.06450106988561354,88.96562299191851,96.89736328097928
33.636986777471066,0.06891768732293724,88.82776778965122,97.98704359980877
32.83461000338459,0.06550473519248966,88.88034048469787,97.7622495747968
33.08201088899899,0.051995203832083614,89.86136944311761,85.54266777105126
33.19449443308464,0.06726637240966223,88.8810562192278,96.79882980703123
33.400822431984864,0.06829497502323527,88.85281286856446,97.2293452208187
33.56260268040757,0.06482915740506512,89.12507782662102,93.49731055900335
33.57215732848782,0.05910114953072113,89.50866831010822,89.09293870977513
33.26141447604092,0.06561899650774529,88.95634298050237,96.82715307707485
33.069896991816144,0.06376383442051953,89.11453888503362,93.89883320930305
33.340483859936604,0.07688244717491677,88.29714611400144,103.4603296871263
33.35689210897627,0.06499911205061641,89.08047976213798,94.02733632250224
33.60860906442589,0.0586107915945492,89.56694274655653,88.1205051024313
33.175375949100406,0.06514142228876793,89.04770085731612,94.5289762584695
33.101010970122104,0.0693356412420413,88.74926688317434,98.11522061493832
33.197857451492084,0.07201120407124639,88.56102186141813,101.03903160172395
33.530056369879645,0.07107411213932414,88.67291591949596,99.74334789147666
33.536300380152134,0.06864315848912861,88.85737104983038,97.43323246879876
33.026248878759404,0.05334052978409794,89.79321179576422,85.63018546757506
32.90499910387126,0.06885213594082829,88.67474909299915,100.2566926850175
33.195661616789785,0.05957031015504134,89.37811042802811,91.0056035592394
33.08267572953503,0.06927487115127445,88.72992968708262,98.49120606642582
33.203537787446706,0.07035035477508582,88.67697902384464,99.33250531120053
32.87807773396572,0.061177110704766724,89.19347843595824,93.51208649235119
33.30520784194744,0.06375293565681314,89.16436872316342,92.86055375997796
33.447350556822926,0.06707379380975566,88.97740760686422,95.02565849817078
32.8524920978867,0.05820607902344434,89.34178737852378,92.87238452946404
33.33075242893336,0.07794473306650858,88.20470006972437,105.23910785112297
33.21569739135822,0.056438168708779504,89.59250073390818,88.51155829604272
33.71288783686377,0.06313813734685063,89.23289219805446,92.59359635647805
33.27816837807498,0.06709828712415816,88.8800104222508,97.38364941239574
33.860945203714046,0.0780871613170707,88.31226002320385,103.55586284396375
33.14688455822575,0.06094281321193571,89.31353341069028,91.35316489416164
33.539783077128725,0.06888903871409519,88.90109903066629,95.55960692205768
33.180091898991805,0.06707601878828472,88.8852085975287,96.88193264021716
33.21987411577148,0.05770288918778696,89.54274913312712,88.41985647987167
33.0518717331274,0.07180504304076506,88.56517686020712,101.15231668889791
33.54540885318238,0.06305605824820126,89.24598530842759,92.07040382470207
33.67474703760069,0.0750348843000617,88.51982791389935,100.40222522206157
33.3624119751338,0.07449332549987604,88.50470492221103,100.55174793445366
32.86975813621322,0.06280513886380265,89.11565387366065,93.88930351432111
33.15257801194882,0.06740012136001282,88.8689309201241,96.64404886497844
33.44997306887785,0.08134550291801157,88.03288034334756,106.98206946224452
33.09627750348507,0.05750500051686961,89.52755969890123,89.08690983642244
32.94187896886544,0.06237692764860641,89.21187045677253,92.25361451488787
32.90199114196794,0.058809619538066064,89.3058864303803,93.23455685878425
32.79310811218669,0.05768856221636484,89.41024873977894,91.01502450449938
33.389087129574804,0.0536228034785824,89.82366208305909,85.15796805650879
33.74180472260663,0.0765817671944844,88.37516963279272,103.08149130973757
32.96509765944465,0.06137569694897644,89.26460480563233,91.75956574799709
32.662157797058896,0.0540876646764863,89.61640690197413,88.97970111479732
32.88750259096378,0.05319556212362345,89.75308338882759,86.4659166727774
33.18144244094511,0.05300627508196959,89.81966666130467,85.78041728294845
32.972951872945885,0.059305388670521625,89.41460789148259,89.95716572746562
32.71116661761196,0.05509716968358721,89.5467422304429,90.0677391654213
32.953023468949034,0.05495915987946137,89.66448789805858,87.51707114631549
32.95093801216717,0.06116259917829218,89.22788363910182,92.84592398945578
33.19980823587585,0.05982412111275828,89.38123098609144,90.70776656116699
32.35020478287993,0.05176077311618059,89.7300693163719,87.39499783796437
32.64158309227442,0.05510675721078294,89.61226967878127,87.94243541639437
33.07075257720998,0.07033845071498777,88.6940675742938,98.10367855793837
33.558979675038614,0.07004099663386644,88.78970367640844,97.59659021993822
33.41321012433581,0.0664862837497892,88.97104880167706,95.67444775866703
33.12166915112924,0.06710222867187755,88.85651729960806,97.74765262231342
33.71749230972055,0.06729416290636006,88.94435232820746,96.66476105195736
32.83461000338459,0.06550473519248966,88.88034048469787,97.7622495747968
33.08201088899899,0.051995203832083614,89.86136944311761,85.54266777105126
33.19738360371973,0.06617768524068851,88.95638197329147,95.84498479692172
33.400822431984864,0.06829497502323527,88.85281286856446,97.2293452208187
33.630479879917246,0.06921294846928504,88.85180005571814,96.75956118786416
33.57215732848782,0.05910114953072113,89.50866831010822,89.09293870977513
33.28993731124926,0.06584216429493463,88.95957432142296,96.55080147932853
33.088944475534596,0.06384581815174069,89.11227842640548,93.9073617897913
33.34704329243617,0.07791234432889214,88.23579283593713,104.09997128007818
33.311119166052244,0.06411500700504935,89.13127579930568,93.44447777422127
33.60860906442589,0.0586107915945492,89.56694274655653,88.1205051024313
33.175375949100406,0.06514142228876793,89.04770085731612,94.5289762584695
33.101010970122104,0.0693356412420413,88.74926688317434,98.11522061493832
33.197857451492084,0.07201120407124639,88.56102186141813,101.03903160172395
33.530056369879645,0.07107411213932414,88.67291591949596,99.74334789147666
33.436791260494886,0.06601900739615156,89.01100804349576,95.54572051879218
33.04895015870802,0.053291635941722725,89.79708153945835,85.65216095708601
33.177793987075866,0.06638318486863454,88.918078175415,96.76958507003954
33.195661616789785,0.05957031015504134,89.37811042802811,91.0056035592394
33.070485114124686,0.07032194502665642,88.65999420822548,99.29886535465236
33.22647122530205,0.06968570991392095,88.7273650395615,98.69772885422871
32.90732774356991,0.06102912167240919,89.21048335287423,93.28123519972792
33.33212992512108,0.06475646760414303,89.10897587970436,93.41043737132804
33.447350556822926,0.06707379380975566,88.97740760686422,95.02565849817078
32.8524920978867,0.05820607902344434,89.34178737852378,92.87238452946404
33.33075242893336,0.07794473306650858,88.20470006972437,105.23910785112297
33.07483047196286,0.05069711081188499,89.93008052122464,84.67751611825906
33.71288783686377,0.06313813734685063,89.23289219805446,92.59359635647805
33.28427683738431,0.06700347166936382,88.88648162298794,97.32731835119544
33.860945203714046,0.0780871613170707,88.31226002320385,103.55586284396375
33.14688455822575,0.06094281321193571,89.31353341069028,91.35316489416164
33.539783077128725,0.06888903871409519,88.90109903066629,95.55960692205768
33.12227307410392,0.06609756293073571,88.93770847352991,96.2437930392937
33.21987411577148,0.05770288918778696,89.54274913312712,88.41985647987167
33.09642566977357,0.06671146647224521,88.9161003308487,96.5572445205145
33.54540885318238,0.06305605824820126,89.24598530842759,92.07040382470207
33.61727166369509,0.0738846487055174,88.57202846439421,99.96474890013741
33.3624119751338,0.07449332549987604,88.50470492221103,100.55174793445366
32.86975813621322,0.06280513886380265,89.11565387366065,93.88930351432111
33.13316031087892,0.06627596510185432,88.94207222628839,95.61964004248792
33.44997306887785,0.08134550291801157,88.03288034334756,106.98206946224452
33.09627750348507,0.05750500051686961,89.52755969890123,89.08690983642244
32.98332896977338,0.06196668404013512,89.2390871979179,92.00519214767087
32.88684421365858,0.060314646597159224,89.21022592260158,94.2523585525243
32.79310811218669,0.05768856221636484,89.41024873977894,91.01502450449938
33.248884783142714,0.05650587952972412,89.62167287204193,87.5239017067331
33.74180472260663,0.0765817671944844,88.37516963279272,103.08149130973757
32.96509765944465,0.06137569694897644,89.26460480563233,91.75956574799709
32.64448144752979,0.0537104869107425,89.63770638435086,88.73511400896706
33.003699487017194,0.059581256043119125,89.34952314134601,91.30536185594808
33.241510236997506,0.056184082735994706,89.62940302479099,87.86888781322126
32.972951872945885,0.059305388670521625,89.41460789148259,89.95716572746562
32.71116661761196,0.05509716968358721,89.5467422304429,90.0677391654213
32.97629305771394,0.055555606345612005,89.62856667001775,87.93888756050492
32.8916932804755,0.060604041235719955,89.24636424706375,92.75818749057203
33.19980823587585,0.05982412111275828,89.38123098609144,90.70776656116699
32.35020478287993,0.05176077311618059,89.7300693163719,87.39499783796437
32.64158309227442,0.05510675721078294,89.61226967878127,87.94243541639437
33.07075257720998,0.07033845071498777,88.6940675742938,98.10367855793837
33.558979675038614,0.07004099663386644,88.78970367640844,97.59659021993822
33.42802070954204,0.06713429664037791,88.93123539538249,96.1275212406897
33.12166915112924,0.06710222867187755,88.85651729960806,97.74765262231342
33.83505605888973,0.06750482921856804,88.94546188475293,96.79603802942988
32.9907804830399,0.06623238359730718,88.87474010627577,97.56549589564727
33.08201088899899,0.051995203832083614,89.86136944311761,85.54266777105126
33.20145645461047,0.06636946144582147,88.93948202622421,96.08853217353997
33.2754905805405,0.07036606654275226,88.70016523343425,99.09115681196377
33.598576100699134,0.06927551901475593,88.83965431374331,96.94703386673352
33.568362851421846,0.06225125505581716,89.30164398484912,91.54154693556599
33.311662691470595,0.06794679348079502,88.83377256735977,97.96688040117425
32.94796541002978,0.05616238225241971,89.59103350539442,88.33994161233217
33.34704329243617,0.07791234432889214,88.23579283593713,104.09997128007818
33.33972329190741,0.06612512179460509,89.00228430891298,95.01963061194641
33.52491114081003,0.06094982883410931,89.39117763135434,90.26804334702892
32.8861052663352,0.06706238121198585,88.87684963836328,96.60755140096128
33.101010970122104,0.0693356412420413,88.74926688317434,98.11522061493832
33.235289734610404,0.07493986601278697,88.3744722013073,103.41381768439526
33.51889840499963,0.07128090434225025,88.65304026578887,100.07487371880417
33.47031277731503,0.062199772034125564,89.23919050738805,93.28958655082572
32.85353220812996,0.052863499904859446,89.77834024720477,86.13957972683383
33.180314363546614,0.06563224804991025,88.97110380699557,96.07557707192265
33.195661616789785,0.05957031015504134,89.37811042802811,91.0056035592394
33.070316757107186,0.07031155537435663,88.63854642495062,100.05118631224451
33.121330814196185,0.06683001606707999,88.87471895556122,97.38103322588198
32.90732774356991,0.06102912167240919,89.21048335287423,93.28123519972792
33.33212992512108,0.06475646760414303,89.10897587970436,93.41043737132804
33.415189102190325,0.06644218800213701,89.00395881203907,94.83987369046271
32.806153071176325,0.05826954790896347,89.31643945276534,93.43399562139146
33.33075242893336,0.07794473306650858,88.20470006972437,105.23910785112297
33.11622451240828,0.04966984260910853,90.00646046424042,83.74633309582651
33.71288783686377,0.06313813734685063,89.23289219805446,92.59359635647805
33.19432861621209,0.06514473518138161,88.97142138788115,96.61489831461147
33.860945203714046,0.0780871613170707,88.31226002320385,103.55586284396375
33.120347356070326,0.06110893818147094,89.30145437250675,91.45895754362685
33.539783077128725,0.06888903871409519,88.90109903066629,95.55960692205768
33.12350548310193,0.06613094483415106,88.93580920578654,96.26513335480666
33.198420236632806,0.05796128307455834,89.51835666232093,88.77193694538109
33.30289110044999,0.06767853975439235,88.89124183568981,96.63546017177981
33.50752552985519,0.06293571760105207,89.24387753240866,92.14229173328265
33.61727166369509,0.0738846487055174,88.57202846439421,99.96474890013741
33.29452714134619,0.0716712789025682,88.6645832266655,98.80190815226182
32.859089832319114,0.062093003476168,89.15665617727772,93.48925560379982
32.9377856781415,0.06110040659437445,89.22202233424956,93.04922107140334
33.0746211497257,0.05712013438980208,89.54825974780518,88.84959029335893
32.98332896977338,0.06196668404013512,89.2390871979179,92.00519214767087
32.95294967885253,0.06193841682518328,89.13370644784273,94.81152832849037
32.79310811218669,0.05768856221636484,89.41024873977894,91.01502450449938
33.288127659987275,0.05852808070190204,89.50784699178129,88.6413625633181
33.74180472260663,0.0765817671944844,88.37516963279272,103.08149130973757
33.052451544494446,0.06804060506659443,88.86235853512211,96.15992093940304
32.658249278746396,0.054190263914332376,89.60992725732653,89.04987331294197
32.968306532393946,0.05971230841628169,89.3298220379155,91.63685787160591
33.241722999995424,0.05618803213004787,89.62918967176013,87.87127851144648
32.98463262578861,0.059410188301127445,89.38988275741485,90.46933378459686
32.6935433793478,0.05473070378310991,89.57078180259728,89.7155593536271
32.93866679944955,0.05472603372062516,89.67626814670069,87.39421123801417
32.87737966180511,0.06044989901650937,89.25392342982215,92.6678093825273
33.27756649694236,0.05992041852732467,89.39380333120057,90.47081654637087
32.47033706376634,0.052645366916926714,89.70212721323063,87.58490370624726
32.64158309227442,0.05510675721078294,89.61226967878127,87.94243541639437
33.00783300755731,0.06788738171780637,88.83157819686927,96.73197988409055
33.57850475410779,0.0694369914209295,88.85627751240753,96.3893260483155
33.44878067051066,0.06748996199060128,88.91251736698557,96.32338390263283
33.356279517376535,0.07368630746429004,88.47244399701151,102.17868671842662
33.66177850896806,0.06756139088345381,88.92780736408356,96.7437524790493
32.99257694419817,0.0664073707168079,88.86291276231204,97.71505125150446
33.08201088899899,0.051995203832083614,89.86136944311761,85.54266777105126
33.13269005057511,0.06400898595371479,89.0820663980253,94.42527132042068
33.2754905805405,0.07036606654275226,88.70016523343425,99.09115681196377
33.58556048690212,0.069628518692564,88.82150047926638,96.98889670244954
33.6859520812058,0.06443399457990187,89.18372865738763,92.8628310201866
33.393178768906516,0.06855134408875486,88.82226925154013,97.7903259483224
32.94796541002978,0.05616238225241971,89.59103350539442,88.33994161233217
33.34704329243617,0.07791234432889214,88.23579283593713,104.09997128007818
33.38413052004074,0.0665790186009479,88.98517159112251,95.1471166546809
33.50365118342483,0.06085508422852129,89.3917316751838,90.28974425144476
32.8861052663352,0.06706238121198585,88.87684963836328,96.60755140096128
33.101010970122104,0.0693356412420413,88.74926688317434,98.11522061493832
33.235289734610404,0.07493986601278697,88.3744722013073,103.41381768439526
33.51889840499963,0.07128090434225025,88.65304026578887,100.07487371880417
33.47031277731503,0.062199772034125564,89.23919050738805,93.28958655082572
32.84061105980978,0.048752998654997756,90.06248242738475,82.60242121932735
32.860663920766484,0.06435146449252088,88.9998488906726,95.63196654188854
33.364053305334465,0.061360551505715545,89.29880096832231,91.69926343765398
33.048791777118865,0.07030583655609209,88.63208193743793,100.15190391566948
33.121330814196185,0.06683001606707999,88.87471895556122,97.38103322588198
32.9144904901577,0.06111748237375218,89.21317912639947,93.16097433719234
33.33212992512108,0.06475646760414303,89.10897587970436,93.41043737132804
33.62811579112075,0.07029371595059454,88.7891156105743,97.28147936594996
32.80447812186238,0.05814857159418848,89.32149508673085,93.43224716403168
33.42298195623108,0.08040757539622181,88.06122505844979,106.91751056636681
33.17784646189163,0.054703609095653444,89.69600645613782,87.37825205192857
33.696681292233365,0.06307544475450995,89.23331299082474,92.64009576234444
33.230480848550336,0.06554865054603021,88.96058597222715,96.59367122584727
33.8142032475703,0.07737573520498295,88.34780615524441,103.16562758178661
32.69766133274528,0.05342565789197934,89.71216483462678,86.91030708921798
33.25096428987285,0.062144454636907265,89.2702989191286,91.59504971222655
33.04604907525796,0.06002715666837296,89.32476513983025,91.31173963871224
33.449692235379544,0.06109089545013342,89.36560128500834,90.10467731628373
33.30289110044999,0.06767853975439235,88.89124183568981,96.63546017177981
33.50752552985519,0.06293571760105207,89.24387753240866,92.14229173328265
33.61727166369509,0.0738846487055174,88.57202846439421,99.96474890013741
33.302738836075314,0.07045348489580414,88.73949031469586,97.96301892236478
32.74318063759538,0.059999267741658785,89.28127101092385,91.76910947335688
32.9377856781415,0.06110040659437445,89.22202233424956,93.04922107140334
33.07374062419731,0.05693709306866684,89.56095668897792,88.68876376246378
32.98332896977338,0.06196668404013512,89.2390871979179,92.00519214767087
32.89190538615785,0.06315400060919611,89.02896539064808,96.2786397622234
32.79310811218669,0.05768856221636484,89.41024873977894,91.01502450449938
33.236102480764444,0.05964647774071513,89.41383043071441,89.96360720381583
33.74180472260663,0.0765817671944844,88.37516963279272,103.08149130973757
33.07721364083992,0.06722882361630558,88.89637909953888,96.10734721961354
32.7799034446873,0.05836093067860963,89.36355871594958,91.89226853338623
33.1442188218804,0.05948807978206908,89.3677595764766,91.53351710721681
33.241722999995424,0.05618803213004787,89.62918967176013,87.87127851144648
32.98463262578861,0.059410188301127445,89.38988275741485,90.46933378459686
32.81023039223718,0.05707053743765274,89.44103337288352,91.18013812432022
32.93866679944955,0.05472603372062516,89.67626814670069,87.39421123801417
32.87737966180511,0.06044989901650937,89.25392342982215,92.6678093825273
32.89375028927607,0.05477105642286238,89.66296827439183,87.14753544514481
32.47033706376634,0.052645366916926714,89.70212721323063,87.58490370624726
32.64158309227442,0.05510675721078294,89.61226967878127,87.94243541639437
33.00783300755731,0.06788738171780637,88.83157819686927,96.73197988409055
33.80510443836502,0.07462808804362299,88.58939879122298,98.92296734593481
33.44878067051066,0.06748996199060128,88.91251736698557,96.32338390263283
33.18686949308934,0.06363395081031387,89.04703492177129,95.87453106507613
33.66177850896806,0.06756139088345381,88.92780736408356,96.7437524790493
32.84908684031945,0.06796624045396032,88.71444063259597,99.79979352766016
32.919758507414805,0.047823492110959695,90.09682440400896,83.02617455879081
33.13269005057511,0.06400898595371479,89.0820663980253,94.42527132042068
33.2754905805405,0.07036606654275226,88.70016523343425,99.09115681196377
33.44301265607492,0.06799905327186109,88.89930301931999,96.1056023697337
33.67919094520801,0.06530869987870214,89.11214971771994,93.94829069168375
33.37169430787024,0.06863052737859034,88.81382758489421,97.87403811765304
32.89056427507136,0.049636889905363996,89.99134279546168,84.04391045925094
33.34704329243617,0.07791234432889214,88.23579283593713,104.09997128007818
33.30167502818091,0.06183220132101933,89.26930522196076,92.04176010042237
33.52048118698585,0.061966468637207894,89.3198925463083,91.19372052356889
32.8861052663352,0.06706238121198585,88.87684963836328,96.60755140096128
33.0801987001232,0.06738751974095834,88.87210283096353,96.72362876253185
33.235289734610404,0.07493986601278697,88.3744722013073,103.41381768439526
33.46477084564311,0.07039832667303189,88.7031340431674,99.4424483421601
33.48191313443021,0.06171352388490975,89.27128585265923,92.94414189425059
32.84061105980978,0.048752998654997756,90.06248242738475,82.60242121932735
32.860663920766484,0.06435146449252088,88.9998488906726,95.63196654188854
33.364053305334465,0.061360551505715545,89.29880096832231,91.69926343765398
32.97208965110712,0.062364906627668304,89.15909884873173,93.68597061207132
33.121330814196185,0.06683001606707999,88.87471895556122,97.38103322588198
32.9144904901577,0.06111748237375218,89.21317912639947,93.16097433719234
33.1889993551028,0.06251223227079739,89.21537670396937,92.48426443160096
33.918173423825166,0.07519959451207649,88.51831272744182,100.35213440001795
32.80447812186238,0.05814857159418848,89.32149508673085,93.43224716403168
33.42298195623108,0.08040757539622181,88.06122505844979,106.91751056636681
33.17784646189163,0.054703609095653444,89.69600645613782,87.37825205192857
33.79091371879649,0.062266440216503766,89.31072447635168,91.53054616031012
33.29478042675401,0.06652584538473903,88.9031533614271,97.37231970705164
33.9065210920072,0.08172255018964442,88.07806572996104,106.48393388594161
32.69766133274528,0.05342565789197934,89.71216483462678,86.91030708921798
33.21476518381276,0.06566699587100752,89.03891441740426,94.4720986462293
33.094620560606316,0.06000476340735477,89.33924909303008,91.13531713296047
33.45653475587794,0.06209839731168523,89.29514928040918,91.09044597869848
33.19553097604595,0.06775452919414335,88.86953256609014,96.67057992809468
33.33404239318198,0.06176603280206625,89.29231851182865,91.58724501108915
33.61727166369509,0.0738846487055174,88.57202846439421,99.96474890013741
33.270923434061004,0.06967519364022545,88.77986547606295,97.55147696910181
32.72518366164482,0.059690720931837096,89.29765222313864,91.57410211203057
32.85607494394181,0.05988512472619628,89.29054991936894,92.1315908458678
33.490189577923914,0.08223104910608361,87.9963821772412,107.23958596060936
33.108549160317345,0.057399016956708765,89.53271413673107,89.09259420025808
32.98332896977338,0.06196668404013512,89.2390871979179,92.00519214767087
32.89190538615785,0.06315400060919611,89.02896539064808,96.2786397622234
33.11999972323292,0.06381047189113007,89.06920656766454,95.09552645503086
33.24900873575154,0.06074153923539387,89.3513161050563,90.53637639519006
33.74180472260663,0.0765817671944844,88.37516963279272,103.08149130973757
33.07721364083992,0.06722882361630558,88.89637909953888,96.10734721961354
32.88967770343322,0.059091242895165354,89.34372895180728,91.92371970182718
33.210467285340854,0.06183051867408379,89.21616819063837,93.48231899408361
33.241722999995424,0.05618803213004787,89.62918967176013,87.87127851144648
32.95882350256476,0.05921302214288335,89.39969848063383,90.34132899962378
32.81023039223718,0.05707053743765274,89.44103337288352,91.18013812432022
32.932786915415164,0.05610605991771686,89.58683985484055,88.42487698381035
32.795850177137474,0.05929449713321586,89.31154672049662,92.06586586445829
32.992508366858054,0.057344213899043074,89.50381140256614,89.10813245483287
32.63245615251923,0.05487117901156482,89.59232383275175,88.6901236486892
32.62976660272774,0.05452900385742378,89.64780871835264,87.52369526390832
33.06004683905903,0.06946206301034501,88.73468986535657,98.01302752855388
33.371363087391316,0.06789001207840449,88.90985062053478,95.81905873675036
33.357381909291234,0.0654576036822198,89.03096317650734,94.87805172065218
33.18686949308934,0.06363395081031387,89.04703492177129,95.87453106507613
33.69152796178436,0.06773068985958182,88.92397442313471,96.760688642954
32.9126758370457,0.06710440312633076,88.79239954425768,98.70978372307879
33.04035044246167,0.053837415177614305,89.71298790429718,87.63931665709887
33.13269005057511,0.06400898595371479,89.0820663980253,94.42527132042068
33.27304800660428,0.07024712567939564,88.70794440800546,98.9845023519649
33.44301265607492,0.06799905327186109,88.89930301931999,96.1056023697337
33.66212112011502,0.06577351863188217,89.08181000909246,94.31769144091791
33.43049856820152,0.07433996250960052,88.43130400476066,102.77215755520365
32.89056427507136,0.049636889905363996,89.99134279546168,84.04391045925094
33.29784984147559,0.07352708622665342,88.48494593044686,101.5737292136731
33.30167502818091,0.06183220132101933,89.26930522196076,92.04176010042237
33.52048118698585,0.061966468637207894,89.3198925463083,91.19372052356889
32.8861052663352,0.06706238121198585,88.87684963836328,96.60755140096128
33.065209780908184,0.0726684520534069,88.52283691334294,100.7581650556857
33.258672224596744,0.08121739116200893,87.94970918743448,108.93462291881093
33.304991123757866,0.06598175198801264,88.97402578568664,95.9460576854234
33.48191313443021,0.06171352388490975,89.27128585265923,92.94414189425059
32.84061105980978,0.048752998654997756,90.06248242738475,82.60242121932735
32.860663920766484,0.06435146449252088,88.9998488906726,95.63196654188854
33.332838976125075,0.05855956879179556,89.48340976083205,89.29949948394989
32.976476741843975,0.06245867946453683,89.15412803263062,93.74474941038476
33.07872305976111,0.06722695744708017,88.85852365710636,97.13737472514723
32.9144904901577,0.06111748237375218,89.21317912639947,93.16097433719234
33.226919113073414,0.06541239269659414,89.02833223635318,94.82334946408419
33.918173423825166,0.07519959451207649,88.51831272744182,100.35213440001795
32.75057990720132,0.05625564340838632,89.4256514624403,92.34696427459258
33.42298195623108,0.08040757539622181,88.06122505844979,106.91751056636681
33.17784646189163,0.054703609095653444,89.69600645613782,87.37825205192857
33.90531786337107,0.05965366602353679,89.50232741564142,89.20025627521665
33.29478042675401,0.06652584538473903,88.9031533614271,97.37231970705164
33.9065210920072,0.08172255018964442,88.07806572996104,106.48393388594161
32.611622412403776,0.051519031935720154,89.81510573054284,85.77996948694043
33.21476518381276,0.06566699587100752,89.03891441740426,94.4720986462293
33.0594086465502,0.059001467304866696,89.39388450553781,90.53937147643394
33.456252624204865,0.06209335384428083,89.29544205160425,91.08601714332772
33.207800912098854,0.06706992574415285,88.91574509354288,96.13550215271692
33.33404239318198,0.06176603280206625,89.29231851182865,91.58724501108915
33.645208545852455,0.07391592139930679,88.57964477085676,99.82402622470956
32.961948847215986,0.06591997121274165,88.96527527266937,95.39861567506792
32.72170462552214,0.06016129280285256,89.2801175849491,91.46822758914396
32.9804341085752,0.06181701684667264,89.19867230219226,93.02152094100406
33.49617852757444,0.08403775253515616,87.88175944965143,108.65300728023213
33.108549160317345,0.057399016956708765,89.53271413673107,89.09259420025808
32.911779297730405,0.061966712732204714,89.22832377557431,92.11328167372362
32.891764598336934,0.06317937527196771,89.02701651147436,96.30538872560933
33.10393021482835,0.06406578186356776,89.04775147693243,95.37566464177472
33.24900873575154,0.06074153923539387,89.3513161050563,90.53637639519006
33.74180472260663,0.0765817671944844,88.37516963279272,103.08149130973757
33.07721364083992,0.06722882361630558,88.89637909953888,96.10734721961354
33.01012051209623,0.05432490371364006,89.66487095371338,88.36665575244466
33.190408423694315,0.06094958730162662,89.26755312253523,92.95949010382216
33.440241830585265,0.05661710543712626,89.64120175362372,87.60447230041929
32.95882350256476,0.05921302214288335,89.39969848063383,90.34132899962378
32.81023039223718,0.05707053743765274,89.44103337288352,91.18013812432022
33.08015718550093,0.06034803263383395,89.30850596201554,92.0674479399144
32.795850177137474,0.05929449713321586,89.31154672049662,92.06586586445829
32.992508366858054,0.057344213899043074,89.50381140256614,89.10813245483287
32.705036607099686,0.056410066032644174,89.50697258615808,89.62936737577334
32.62976660272774,0.05452900385742378,89.64780871835264,87.52369526390832
33.06004683905903,0.06946206301034501,88.73468986535657,98.01302752855388
33.359265360454785,0.06740709553099092,88.93852198061667,95.50942928858247
33.357381909291234,0.0654576036822198,89.03096317650734,94.87805172065218
33.18686949308934,0.06363395081031387,89.04703492177129,95.87453106507613
33.69152796178436,0.06773068985958182,88.92397442313471,96.760688642954
32.990877429250794,0.0723322536183677,88.44488911031225,103.15713677404543
33.04035044246167,0.053837415177614305,89.71298790429718,87.63931665709887
33.13269005057511,0.06400898595371479,89.0820663980253,94.42527132042068
33.27304800660428,0.07024712567939564,88.70794440800546,98.9845023519649
33.53863157687669,0.06939660457023762,88.8475363843656,96.21613215648007
33.66212112011502,0.06577351863188217,89.08181000909246,94.31769144091791
33.49052066684109,0.08163156781042905,87.9390385963964,109.2524974139223
32.890307661526386,0.04963236408081771,89.99160660334282,84.04093207334498
33.396607003480334,0.0763664600068322,88.31658003840748,103.5731278061495
33.41661085511929,0.06044923103740903,89.37216433495755,90.90607202866784
33.52048118698585,0.061966468637207894,89.3198925463083,91.19372052356889
32.8861052663352,0.06706238121198585,88.87684963836328,96.60755140096128
32.58276568794419,0.07123681456478026,88.52539583456027,100.98781973442358
33.304991123757866,0.06598175198801264,88.97402578568664,95.9460576854234
33.38410838161514,0.062356399773174295,89.21829232833667,93.35895266739463
32.84061105980978,0.048752998654997756,90.06248242738475,82.60242121932735
32.737096198994934,0.06270958422814515,89.05889088046708,95.36070455503041
33.37286984267974,0.057167963469873684,89.60308178122263,87.49635401584985
33.132752649222844,0.06386788464106133,89.07684668845104,95.14115620096462
32.966506293005004,0.07106445575231737,88.57447531729015,100.81541655681757
32.921010207748026,0.06124979355959614,89.20656774899548,93.22709227870102
33.226919113073414,0.06541239269659414,89.02833223635318,94.82334946408419
33.918173423825166,0.07519959451207649,88.51831272744182,100.35213440001795
32.75057990720132,0.05625564340838632,89.4256514624403,92.34696427459258
33.29530172287701,0.073131288941928,88.50802627247855,101.73675301664028
33.17784646189163,0.054703609095653444,89.69600645613782,87.37825205192857
33.90531786337107,0.05965366602353679,89.50232741564142,89.20025627521665
33.2842074857123,0.06665809938445845,88.89556537783632,97.40117866195547
33.9065210920072,0.08172255018964442,88.07806572996104,106.48393388594161
32.60554517680045,0.05054120522558507,89.88009156954867,84.93107282292645
33.124561842465354,0.06430030954135976,89.09126401383197,94.07823330860349
33.0594086465502,0.059001467304866696,89.39388450553781,90.53937147643394
33.456252624204865,0.06209335384428083,89.29544205160425,91.08601714332772
33.207800912098854,0.06706992574415285,88.91574509354288,96.13550215271692
33.25943522848544,0.0627065493518935,89.21615758990261,92.52078949840823
33.645208545852455,0.07391592139930679,88.57964477085676,99.82402622470956
32.961948847215986,0.06591997121274165,88.96527527266937,95.39861567506792
32.74254840816748,0.0607433849049188,89.24375887565412,91.95038643444825
32.9804341085752,0.06181701684667264,89.19867230219226,93.02152094100406
33.49617852757444,0.08403775253515616,87.88175944965143,108.65300728023213
33.108549160317345,0.057399016956708765,89.53271413673107,89.09259420025808
32.911779297730405,0.061966712732204714,89.22832377557431,92.11328167372362
32.891764598336934,0.06317937527196771,89.02701651147436,96.30538872560933
33.10116781800982,0.0639858879404864,89.05126213030324,95.35545708778709
33.20637784920124,0.05972705027930823,89.40637222269633,90.09817405287754
33.74180472260663,0.0765817671944844,88.37516963279272,103.08149130973757
33.133807898041596,0.06526802556737978,89.06093823498074,93.70055406447123
33.01012051209623,0.05432490371364006,89.66487095371338,88.36665575244466
33.22167097641728,0.062322554719321716,89.1874676136515,93.77434022018984
33.40153138408398,0.05867787136307697,89.50258366769567,89.26520986679597
33.03826441408394,0.05757743159114677,89.50717112065651,89.26660361763736
32.81023039223718,0.05707053743765274,89.44103337288352,91.18013812432022
33.09308850001123,0.06110124531168868,89.26085009814147,92.61051011475811
32.795850177137474,0.05929449713321586,89.31154672049662,92.06586586445829
33.00838267297796,0.060192404567840474,89.32303635203277,91.201147380389
32.705036607099686,0.056410066032644174,89.50697258615808,89.62936737577334
32.5449942523923,0.052561667486889875,89.76603406852632,86.12756546441723
33.06004683905903,0.06946206301034501,88.73468986535657,98.01302752855388
33.359265360454785,0.06740709553099092,88.93852198061667,95.50942928858247
33.35712712093102,0.06559397460941142,89.02155138750443,94.99948629856704
33.33445742747598,0.06289626608865179,89.16774559805698,93.80376684513068
33.69152796178436,0.06773068985958182,88.92397442313471,96.760688642954
32.990877429250794,0.0723322536183677,88.44488911031225,103.15713677404543
33.01426852363471,0.04949806526226573,89.9939742723376,84.39102455785016
33.23262079000008,0.0692286085202817,88.74663077322646,98.47029403710806
33.25886066181513,0.07140371024726927,88.62875222599759,99.95016248346919
33.54727782598219,0.06974872358430644,88.8272027195485,96.42793278176823
33.719151425349864,0.06679300886628421,89.02262902300458,95.21293950107574
33.49052066684109,0.08163156781042905,87.9390385963964,109.2524974139223
32.890835327115084,0.04975318284410588,89.98399365534371,84.12516689291773
33.42061295946457,0.070621871315585,88.71054891857004,98.54736019235521
33.50817487772087,0.05754602905862609,89.572306057771,88.61294531666555
33.52048118698585,0.061966468637207894,89.3198925463083,91.19372052356889
32.8861052663352,0.06706238121198585,88.87684963836328,96.60755140096128
32.58276568794419,0.07123681456478026,88.52539583456027,100.98781973442358
33.39540260205621,0.07803325624503941,88.19945240573848,105.59615825656483
33.304991123757866,0.06598175198801264,88.97402578568664,95.9460576854234
33.58152965901969,0.06408513132554497,89.13436655288939,94.44322611254917
32.84061105980978,0.048752998654997756,90.06248242738475,82.60242121932735
32.88206678431171,0.06351113112392351,89.05186493715057,95.23291783858201
33.37286984267974,0.057167963469873684,89.60308178122263,87.49635401584985
33.132752649222844,0.06386788464106133,89.07684668845104,95.14115620096462
32.966506293005004,0.07106445575231737,88.57447531729015,100.81541655681757
32.921010207748026,0.06124979355959614,89.20656774899548,93.22709227870102
33.25782853479207,0.06460366768238392,89.08435814038859,94.18504661054735
33.918173423825166,0.07519959451207649,88.51831272744182,100.35213440001795
32.809270418655096,0.06093560126198309,89.1879877517688,94.19205097377585
33.291180933826155,0.07189424709966757,88.59493493073259,100.60347868796059
33.17784646189163,0.054703609095653444,89.69600645613782,87.37825205192857
33.811832439639225,0.05989821191491968,89.46684198196638,89.69323815988666
33.19783764933247,0.05919801828160818,89.34046825665463,92.65854054113369
33.9065210920072,0.08172255018964442,88.07806572996104,106.48393388594161
32.796379178165594,0.056449580869384404,89.52280128709276,89.17967515657645
33.270407910202,0.06565828134257141,89.03304413476494,94.89060814016315
32.98054582233848,0.06266963832180994,89.15860444469462,93.3007360042314
33.456252624204865,0.06209335384428083,89.29544205160425,91.08601714332772
33.207800912098854,0.06706992574415285,88.91574509354288,96.13550215271692
33.24787913975639,0.06230005512723978,89.240402078392,92.25823027390922
33.76818106993967,0.07671510244905913,88.42530629183275,101.67955873168864
32.96152885148354,0.0659397683815246,88.96405576965579,95.4104513564853
32.79772454877857,0.0604304049790551,89.27521274994253,91.56049596657118
33.0632125172092,0.0647109577208936,89.0232207176264,95.12027661567964
33.49617852757444,0.08403775253515616,87.88175944965143,108.65300728023213
33.10507256914722,0.057316284374012975,89.53720401784632,89.05685836370176
32.91864607845909,0.06203690438315567,89.22136185099792,92.23185664256778
32.94021790720916,0.06318834302324228,89.04559606386535,95.9166080052333
33.096728854673096,0.06321731011096594,89.10561061015439,94.6607920389342
33.424893665605445,0.061172799122194914,89.3625243029436,90.3025092744399
33.74180472260663,0.0765817671944844,88.37516963279272,103.08149130973757
33.15673411897147,0.06655940086985389,88.98262353157342,94.5683609857576
33.01012051209623,0.05432490371364006,89.66487095371338,88.36665575244466
33.22167097641728,0.062322554719321716,89.1874676136515,93.77434022018984
33.411784645427005,0.059218019571247435,89.46663188799411,89.89799304694971
33.019634331765346,0.05701849031650249,89.54248972974662,88.82319178776478
32.816362377527554,0.057345437278410585,89.40483440544543,92.06575070880147
33.09308850001123,0.06110124531168868,89.26085009814147,92.61051011475811
32.71069778670103,0.05512991126429291,89.56802311558403,88.93790647157613
33.02043985310073,0.059119422068323664,89.39425795502171,90.29173709726267
32.705036607099686,0.056410066032644174,89.50697258615808,89.62936737577334
32.5449942523923,0.052561667486889875,89.76603406852632,86.12756546441723
33.09534790051907,0.06711357732437398,88.89672729101936,96.10363915816966
33.272927126170735,0.07032079283673931,88.73428110701124,97.82068298167873
33.35712712093102,0.06559397460941142,89.02155138750443,94.99948629856704
33.33445742747598,0.06289626608865179,89.16774559805698,93.80376684513068
33.69152796178436,0.06773068985958182,88.92397442313471,96.760688642954
32.990877429250794,0.0723322536183677,88.44488911031225,103.15713677404543
33.23262079000008,0.0692286085202817,88.74663077322646,98.47029403710806
33.29226889309307,0.07248395027952823,88.56416888836598,100.72818915981006
33.45404817375172,0.0662066431281362,89.03128491027172,94.32253469077133
33.719151425349864,0.06679300886628421,89.02262902300458,95.21293950107574
33.58929174537891,0.07522114219482255,88.40716194002445,103.1872492981802
32.890835327115084,0.04975318284410588,89.98399365534371,84.12516689291773
33.265188856490624,0.06753504895142852,88.88353316226815,96.6103606964041
33.49642226272947,0.05332447706109418,89.8133627998838,86.14828619482795
33.52048118698585,0.061966468637207894,89.3198925463083,91.19372052356889
32.8861052663352,0.06706238121198585,88.87684963836328,96.60755140096128
32.58276568794419,0.07123681456478026,88.52539583456027,100.98781973442358
33.39540260205621,0.07803325624503941,88.19945240573848,105.59615825656483
33.3212346614897,0.06606712841945958,88.97072069701653,96.00153656403921
33.58152965901969,0.06408513132554497,89.13436655288939,94.44322611254917
32.84061105980978,0.048752998654997756,90.06248242738475,82.60242121932735
32.87420466243527,0.06287376021065305,89.09572202419689,94.66035276389538
33.37286984267974,0.057167963469873684,89.60308178122263,87.49635401584985
33.20842274741127,0.06505021314745707,89.03063716596206,95.26418356021803
32.951941416642576,0.06981325105209556,88.6556631427258,99.81926062341654
32.921010207748026,0.06124979355959614,89.20656774899548,93.22709227870102
33.25782853479207,0.06460366768238392,89.08435814038859,94.18504661054735
33.918173423825166,0.07519959451207649,88.51831272744182,100.35213440001795
32.809270418655096,0.06093560126198309,89.1879877517688,94.19205097377585
33.25863231214921,0.06997702307574438,88.71844486205956,99.04425553223442
33.17784646189163,0.054703609095653444,89.69600645613782,87.37825205192857
33.811832439639225,0.05989821191491968,89.46684198196638,89.69323815988666
33.19783764933247,0.05919801828160818,89.34046825665463,92.65854054113369
33.9065210920072,0.08172255018964442,88.07806572996104,106.48393388594161
32.796379178165594,0.056449580869384404,89.52280128709276,89.17967515657645
33.20272922959272,0.06444914206511491,89.07180548954128,94.8089930360965
32.98054582233848,0.06266963832180994,89.15860444469462,93.3007360042314
33.456252624204865,0.06209335384428083,89.29544205160425,91.08601714332772
33.18002985782023,0.07037507029635669,88.69078338053453,98.82214610113242
33.26132523048735,0.06069978194056175,89.34932324406881,90.95742051963286
32.96152885148354,0.0659397683815246,88.96405576965579,95.4104513564853
33.125425504719466,0.06269323389053295,89.1853825844923,92.85946962168215
33.0632125172092,0.0647109577208936,89.0232207176264,95.12027661567964
33.13956602365916,0.05780631992891136,89.5080403091545,89.44680834005568
32.90454230541823,0.06075328618031846,89.30598759502834,91.18644434125986
33.043026731103545,0.0615959161763599,89.16327129748667,94.61640452939751
33.09628852994854,0.06321329125110302,89.10575275147734,94.66021931831388
33.393690748913784,0.06127558240759757,89.35411207840977,90.35164117102357
33.859140970598716,0.07904052652010594,88.2415365371193,104.59434107825791
33.16764726013077,0.06790701803524923,88.91194847237027,95.16402365328894
32.85687452885805,0.04853144967469496,90.01069928589772,84.44935911137563
33.22167097641728,0.062322554719321716,89.1874676136515,93.77434022018984
33.411784645427005,0.059218019571247435,89.46663188799411,89.89799304694971
33.019634331765346,0.05701849031650249,89.54248972974662,88.82319178776478
32.817148405422444,0.05706691095007023,89.42615225209165,91.75899420670716
33.147576753084124,0.06412983024736814,89.05193000703257,95.41994032677886
32.70797167778402,0.05508792358159478,89.56946193010123,88.93021416223372
33.06296165809915,0.061570637064796666,89.23625149682891,92.10993086005881
32.705036607099686,0.056410066032644174,89.50697258615808,89.62936737577334
32.5449942523923,0.052561667486889875,89.76603406852632,86.12756546441723
33.09534790051907,0.06711357732437398,88.89672729101936,96.10363915816966
33.28380699324168,0.0707585718618906,88.71140070488592,98.01534839045895
33.42180573136323,0.06210441676784015,89.25915281130966,91.99360144236172
33.33445742747598,0.06289626608865179,89.16774559805698,93.80376684513068
33.69152796178436,0.06773068985958182,88.92397442313471,96.760688642954
32.990877429250794,0.0723322536183677,88.44488911031225,103.15713677404543
33.23262079000008,0.0692286085202817,88.74663077322646,98.47029403710806
33.20298794271643,0.07034926946761191,88.67948010348377,99.52000184675232
33.38847803840678,0.06559689050670395,89.0528468255419,94.18778198683066
33.57439496823799,0.058635639801460714,89.50461241918661,89.78507510767832
33.67765541624595,0.07521535278035861,88.43702584622427,102.4255128557156
32.890835327115084,0.04975318284410588,89.98399365534371,84.12516689291773
33.265188856490624,0.06753504895142852,88.88353316226815,96.6103606964041
33.49642226272947,0.05332447706109418,89.8133627998838,86.14828619482795
33.307245527416974,0.057830321292206964,89.54479680921357,88.79988647860392
32.8861052663352,0.06706238121198585,88.87684963836328,96.60755140096128
32.58276568794419,0.07123681456478026,88.52539583456027,100.98781973442358
33.44462465294426,0.08026502335045423,88.05297859299382,107.5597011276841
33.27095451996903,0.0698702672738737,88.69535361488322,99.39068163588455
34.05024948035379,0.06821367715601881,88.96868560103339,95.8996002589943
32.84061105980978,0.048752998654997756,90.06248242738475,82.60242121932735
32.95018356890845,0.06473737820560138,88.99511947150181,95.69430454910591
33.39618958570925,0.05794095511932895,89.55338397617514,88.1743279631338
33.230257700545,0.07243886780988694,88.55548764990053,100.89563754401753
32.951941416642576,0.06981325105209556,88.6556631427258,99.81926062341654
32.921010207748026,0.06124979355959614,89.20656774899548,93.22709227870102
33.25782853479207,0.06460366768238392,89.08435814038859,94.18504661054735
33.918173423825166,0.07519959451207649,88.51831272744182,100.35213440001795
32.67389525199402,0.059892950781360414,89.22849842650649,93.79791464106334
33.24990492717579,0.06972591505108584,88.7279017979578,98.85167999208856
33.103774924680614,0.053396596664685894,89.77650049197625,86.32927223235227
33.60697007760008,0.06329533946161535,89.21520451997249,92.65329197653482
33.355522228075365,0.05996379126000897,89.313862209533,92.90357297679358
33.61181631866953,0.07576209433567342,88.42339129013943,102.13559398970733
32.796379178165594,0.056449580869384404,89.52280128709276,89.17967515657645
33.16294666326035,0.06051531081778416,89.32326912909703,91.79503381448544
32.98054582233848,0.06266963832180994,89.15860444469462,93.3007360042314
33.456252624204865,0.06209335384428083,89.29544205160425,91.08601714332772
33.18002985782023,0.07037507029635669,88.69078338053453,98.82214610113242
33.180292328514774,0.05802128394986793,89.51361432284222,88.91269508190433
33.97530006997768,0.0823845145329174,88.1008379889757,105.4730831933477
33.13070013449637,0.06603143492382409,88.98714773673126,95.03677209187838
33.125425504719466,0.06269323389053295,89.1853825844923,92.85946962168215
33.0632125172092,0.0647109577208936,89.0232207176264,95.12027661567964
33.13956602365916,0.05780631992891136,89.5080403091545,89.44680834005568
33.18140480575619,0.06593235229996343,88.99480037144814,95.21131025906891
33.043026731103545,0.0615959161763599,89.16327129748667,94.61640452939751
33.09628852994854,0.06321329125110302,89.10575275147734,94.66021931831388
33.393690748913784,0.06127558240759757,89.35411207840977,90.35164117102357
33.859140970598716,0.07904052652010594,88.2415365371193,104.59434107825791
33.16764726013077,0.06790701803524923,88.91194847237027,95.16402365328894
32.85687452885805,0.04853144967469496,90.01069928589772,84.44935911137563
33.27708964385203,0.060970805595757425,89.28884277096091,92.54351599483029
33.25896673586281,0.0564180955897513,89.62605213454486,87.94605748156836
33.019634331765346,0.05701849031650249,89.54248972974662,88.82319178776478
32.825415383397605,0.05724894135742165,89.4166633417484,91.84491651593935
33.147576753084124,0.06412983024736814,89.05193000703257,95.41994032677886
32.70797167778402,0.05508792358159478,89.56946193010123,88.93021416223372
33.066138224293866,0.06287676775210911,89.14850156086483,93.33983608152424
32.69538518974885,0.05621714056205393,89.51734940772931,89.51627489699925
32.79295908121548,0.054692624454279734,89.66751146727405,87.21463658080673
33.09534790051907,0.06711357732437398,88.89672729101936,96.10363915816966
33.28380699324168,0.0707585718618906,88.71140070488592,98.01534839045895
33.59354994966111,0.061145607068179064,89.3553022359123,90.64596680426035
33.5285933752591,0.07133420081630204,88.64659905050422,99.81630550837995
33.69152796178436,0.06773068985958182,88.92397442313471,96.760688642954
32.990877429250794,0.0723322536183677,88.44488911031225,103.15713677404543
33.22329625064728,0.06885322049102097,88.76712182124265,98.2807535811194
33.20298794271643,0.07034926946761191,88.67948010348377,99.52000184675232
33.38847803840678,0.06559689050670395,89.0528468255419,94.18778198683066
33.57439496823799,0.058635639801460714,89.50461241918661,89.78507510767832
33.61743414656133,0.0715918641416748,88.67023757882407,99.58795705159594
33.24279940926679,0.060331828463376674,89.34761090977877,91.61533423154792
33.196871899218706,0.06617808143967885,88.95952494660857,95.75981096369955
33.49642226272947,0.05332447706109418,89.8133627998838,86.14828619482795
33.307245527416974,0.057830321292206964,89.54479680921357,88.79988647860392
32.8861052663352,0.06706238121198585,88.87684963836328,96.60755140096128
32.783944740014995,0.07060064677545708,88.59771581199547,100.22082914859178
33.44462465294426,0.08026502335045423,88.05297859299382,107.5597011276841
33.27095451996903,0.0698702672738737,88.69535361488322,99.39068163588455
34.05024948035379,0.06821367715601881,88.96868560103339,95.8996002589943
32.84061105980978,0.048752998654997756,90.06248242738475,82.60242121932735
32.95018356890845,0.06473737820560138,88.99511947150181,95.69430454910591
33.39618958570925,0.05794095511932895,89.55338397617514,88.1743279631338
33.26164720140251,0.07471089307349989,88.37677740255914,103.76915988226656
32.951941416642576,0.06981325105209556,88.6556631427258,99.81926062341654
32.921010207748026,0.06124979355959614,89.20656774899548,93.22709227870102
33.21121946704937,0.06502878941255766,89.04582156974821,94.77200046834359
33.918173423825166,0.07519959451207649,88.51831272744182,100.35213440001795
32.57112085670576,0.05861865382014467,89.28930664688195,93.16723782332737
33.24990492717579,0.06972591505108584,88.7279017979578,98.85167999208856
33.058822918705935,0.05054529984467973,89.9500271291311,84.40440197917434
33.60697007760008,0.06329533946161535,89.21520451997249,92.65329197653482
33.06009906327019,0.057739340581864494,89.43047098754981,91.09086162109215
33.61181631866953,0.07576209433567342,88.42339129013943,102.13559398970733
32.81325427600308,0.05423274786011188,89.66722541303749,87.60534873085264
33.16165969106488,0.06053925769279775,89.32129336881295,91.82174692387241
32.98054582233848,0.06266963832180994,89.15860444469462,93.3007360042314
33.49002054800625,0.062485842221144186,89.27633546052624,91.26102335700594
33.18002985782023,0.07037507029635669,88.69078338053453,98.82214610113242
33.180292328514774,0.05802128394986793,89.51361432284222,88.91269508190433
33.74618845707347,0.07842488692385344,88.29936199786268,103.41767609712478
33.288662315613756,0.06512396718790239,89.06278624262697,94.24625460673948
33.125425504719466,0.06269323389053295,89.1853825844923,92.85946962168215
33.07140253186921,0.06504132949902079,89.00307954718208,95.37807453696462
33.129286660751745,0.05688327498216228,89.56481299740247,88.83616953875168
33.18140480575619,0.06593235229996343,88.99480037144814,95.21131025906891
33.07802579599078,0.06169519754899628,89.15085219821985,95.0149130942505
32.97571736718674,0.058618010054982836,89.38904946590804,91.39480203837599
33.446486042045215,0.06216474320799345,89.30901898898681,90.78953717063148
33.859140970598716,0.07904052652010594,88.2415365371193,104.59434107825791
33.32590958447665,0.07045514667946433,88.75851113876064,97.32234256841693
32.860928950757085,0.04943907801476515,89.9529095723508,85.10485616959129
33.203772634160615,0.05824284932339157,89.44349200345954,90.84395743886012
33.27690891061434,0.054123647368218376,89.7784866338162,86.18919896674565
32.6804230117497,0.05315796617777217,89.71331912563976,87.43712458211499
32.825415383397605,0.05724894135742165,89.4166633417484,91.84491651593935
33.142531654623035,0.06380263559225159,89.08232474515688,94.8367755948734
32.70797167778402,0.05508792358159478,89.56946193010123,88.93021416223372
32.958387830213425,0.06526882275389334,88.9820090719183,95.14072169456716
32.68630923436106,0.05703140447023339,89.47977173500038,89.93887578998853
32.981091911894474,0.05432672976550281,89.70651766515796,86.92945389906627
33.09534790051907,0.06711357732437398,88.89672729101936,96.10363915816966
33.06110477104047,0.06564211638199494,88.9977916299366,95.00504689737609
33.59354994966111,0.061145607068179064,89.3553022359123,90.64596680426035
33.520287238722034,0.07125328346796382,88.65139448274444,99.74512666077649
33.78951953519456,0.06928124929472679,88.84537112292041,97.64059019979321
32.98076985137605,0.07209740499082577,88.45757662636031,103.00994236008175
33.22329625064728,0.06885322049102097,88.76712182124265,98.2807535811194
33.19751483970683,0.06905012898081687,88.76447547526222,98.50052145492863
33.38847803840678,0.06559689050670395,89.0528468255419,94.18778198683066
33.57439496823799,0.058635639801460714,89.50461241918661,89.78507510767832
33.61743414656133,0.0715918641416748,88.67023757882407,99.58795705159594
33.450132906467125,0.0662459597985288,89.01896886438064,95.15014598498767
33.20246292941419,0.06610715057738971,88.96510328090943,95.68773322438794
33.49642226272947,0.05332447706109418,89.8133627998838,86.14828619482795
33.257061151631916,0.0629616027689859,89.1879236329554,93.23638752643748
32.8861052663352,0.06706238121198585,88.87684963836328,96.60755140096128
32.77500942401651,0.0705900205571503,88.59693835172028,100.22761377252205
33.27095451996903,0.0698702672738737,88.69535361488322,99.39068163588455
33.870273225531356,0.06700698823691785,89.00240794543075,95.73582860319023
32.84313023437096,0.04880200352253044,90.05968764789348,82.63587887817759
32.87915219140672,0.06724203990763016,88.81084027075293,97.90621622487816
33.38483427790459,0.05846395351549214,89.52393111056615,88.40385718043258
33.26845070139061,0.07349745129068379,88.47951345937419,102.00262449690908
32.96162310762611,0.0707746639784754,88.59743189516047,100.42945232440425
32.921010207748026,0.06124979355959614,89.20656774899548,93.22709227870102
33.13237659882861,0.06477610363629958,89.04269680510345,95.03185509989865
33.918173423825166,0.07519959451207649,88.51831272744182,100.35213440001795
32.57112085670576,0.05861865382014467,89.28930664688195,93.16723782332737
33.12829878682841,0.07027532397147361,88.67391087514129,99.42745925979227
33.058822918705935,0.05054529984467973,89.9500271291311,84.40440197917434
33.69595572637211,0.06263123929433562,89.27059676860253,92.05317846269486
33.06009906327019,0.057739340581864494,89.43047098754981,91.09086162109215
33.999207325897665,0.0838233135248774,87.96520362098306,107.68649589500907
32.9521866785888,0.0579981033545392,89.45278034033252,89.94370528549204
33.18203713459211,0.06129140323102805,89.27849520489627,92.27688184584228
33.16935765939484,0.06655497241486387,88.94671036055797,95.79563108669963
33.51025839029334,0.06266217257435015,89.27050076002988,91.2320190103868
33.225163367754526,0.06775017329786265,88.87438723700711,96.52622911698177
33.180292328514774,0.05802128394986793,89.51361432284222,88.91269508190433
33.77340838519082,0.08024347646347134,88.1873189350224,104.82357028640892
33.28103815215912,0.06476228180413914,89.08447898598229,94.01841255440272
33.125425504719466,0.06269323389053295,89.1853825844923,92.85946962168215
33.07140253186921,0.06504132949902079,89.00307954718208,95.37807453696462
33.13966956768444,0.05805584757931799,89.48670966214245,89.79372500483643
33.18127450116736,0.06635339118198492,88.96598851031409,95.55351120167653
33.07802579599078,0.06169519754899628,89.15085219821985,95.0149130942505
33.02380160307439,0.060064266351383136,89.27709843957325,93.09622855801854
33.446486042045215,0.06216474320799345,89.30901898898681,90.78953717063148
33.859140970598716,0.07904052652010594,88.2415365371193,104.59434107825791
33.32590958447665,0.07045514667946433,88.75851113876064,97.32234256841693
32.860928950757085,0.04943907801476515,89.9529095723508,85.10485616959129
33.203772634160615,0.05824284932339157,89.44349200345954,90.84395743886012
33.27690891061434,0.054123647368218376,89.7784866338162,86.18919896674565
32.6804230117497,0.05315796617777217,89.71331912563976,87.43712458211499
32.825415383397605,0.05724894135742165,89.4166633417484,91.84491651593935
33.5181175321892,0.06721004467562992,88.94627642495874,95.93415564324056
32.70797167778402,0.05508792358159478,89.56946193010123,88.93021416223372
32.958387830213425,0.06526882275389334,88.9820090719183,95.14072169456716
32.68630923436106,0.05703140447023339,89.47977173500038,89.93887578998853
32.967435614904865,0.05407411177702491,89.72106451214022,86.74851691200263
33.09534790051907,0.06711357732437398,88.89672729101936,96.10363915816966
33.06110477104047,0.06564211638199494,88.9977916299366,95.00504689737609
33.63883541275108,0.061869222129927286,89.31836236520553,90.98847918310167
33.315822779309165,0.06926141615260374,88.76943919056627,97.99298298580423
33.78951953519456,0.06928124929472679,88.84537112292041,97.64059019979321
32.98076985137605,0.07209740499082577,88.45757662636031,103.00994236008175
33.24065955356774,0.0684917666365124,88.7947049479987,97.92271498246986
33.19751483970683,0.06905012898081687,88.76447547526222,98.50052145492863
33.38847803840678,0.06559689050670395,89.0528468255419,94.18778198683066
33.49114556222604,0.056812670164938184,89.6081928348413,88.6062134319008
33.672916424267335,0.0727182770305694,88.60191614464613,100.50655007776541
33.57344520523278,0.06649099126097076,89.02823707506646,95.15250926419901
33.22511872195555,0.06537772041405357,89.01557290347552,95.1319760534995
33.49642226272947,0.05332447706109418,89.8133627998838,86.14828619482795
33.257061151631916,0.0629616027689859,89.1879236329554,93.23638752643748
32.869583453018876,0.06439083509226826,89.02380495943535,95.31100310237521
32.88600143202679,0.06839172319658875,88.74642373845457,98.57144121096714
33.454125114800846,0.08090864683653284,88.01699356270753,107.82940207424735
33.27095451996903,0.0698702672738737,88.69535361488322,99.39068163588455
33.99335173351319,0.06914920297230623,88.88650465554308,97.03215955609127
32.84313023437096,0.04880200352253044,90.05968764789348,82.63587887817759
32.626857743869905,0.06844974378928528,88.6510775066708,100.25184237514851
33.38483427790459,0.05846395351549214,89.52393111056615,88.40385718043258
33.25770105433882,0.07488600455462185,88.3830469177773,103.2586603859081
32.878783262307124,0.07111815557055513,88.56051102462823,100.8573607738603
32.95396327168308,0.05653234886725242,89.51810742600865,89.5434138812076
33.11864186853757,0.06511959204969225,89.01658140421854,95.34736713321252
33.87137356615598,0.07255265305751343,88.6767464906238,98.60434400743854
32.57112085670576,0.05861865382014467,89.28930664688195,93.16723782332737
33.281514571458864,0.06722145399611691,88.91322148937013,96.14001525573033
33.24255293313557,0.05525636074893349,89.67226689406091,87.73257539327079
33.76652545306738,0.06172287274629245,89.34435876732454,91.143415515475
33.06009906327019,0.057739340581864494,89.43047098754981,91.09086162109215
33.999207325897665,0.0838233135248774,87.96520362098306,107.68649589500907
32.79002407986786,0.05360316149273893,89.7030817072241,87.21436375983542
33.18203713459211,0.06129140323102805,89.27849520489627,92.27688184584228
33.1589239384683,0.07469770841731845,88.40577787602201,102.36324027922294
33.51025839029334,0.06266217257435015,89.27050076002988,91.2320190103868
33.1638733858928,0.06653100635394735,88.94324447053656,95.77697483663388
33.180292328514774,0.05802128394986793,89.51361432284222,88.91269508190433
33.57568814622775,0.07509082646338998,88.46781868097732,101.69365387451586
33.43094839037004,0.06853435749895537,88.88573140058297,96.06946617281527
33.125425504719466,0.06269323389053295,89.1853825844923,92.85946962168215
33.079749182681695,0.06455437331424423,89.00736556620188,95.68042487339508
33.66241857674823,0.0837133377760918,87.93045824611247,108.16967395462568
33.13966956768444,0.05805584757931799,89.48670966214245,89.79372500483643
33.173345788055194,0.06583376972134868,88.99713522347466,95.17104626660918
33.070070179126226,0.05707587342903678,89.48194474564261,90.6190530407547
33.03565046276493,0.06083724059840945,89.22793370150546,93.67759472857036
33.446486042045215,0.06216474320799345,89.30901898898681,90.78953717063148
33.859140970598716,0.07904052652010594,88.2415365371193,104.59434107825791
33.39550754696129,0.07224676062800035,88.6718543018656,97.98551514994841
32.87410716610246,0.048952395022282956,89.98594595895095,84.77527791273343
33.203772634160615,0.05824284932339157,89.44349200345954,90.84395743886012
33.27690891061434,0.054123647368218376,89.7784866338162,86.18919896674565
32.6804230117497,0.05315796617777217,89.71331912563976,87.43712458211499
33.09453017699159,0.062161061668734786,89.15794917715641,94.5953246166603
33.522190806881675,0.06726073000198864,88.9429279814945,95.9890267277435
32.70797167778402,0.05508792358159478,89.56946193010123,88.93021416223372
32.91974293039043,0.0665309891957133,88.88942946301178,96.22533902492194
32.726563977381694,0.05997756064304438,89.28751408829406,92.22240885619307
32.93929313376031,0.053953176389845064,89.72605615009135,86.64785495646915
33.2553381622918,0.06761317481388573,88.88489090017974,96.4578702837272
33.06110477104047,0.06564211638199494,88.9977916299366,95.00504689737609
33.18459274083568,0.05774049406327102,89.50555340526641,89.30530312946786
33.41175576747317,0.067074027595378,88.89725737874377,96.85415709073406
33.78951953519456,0.06928124929472679,88.84537112292041,97.64059019979321
32.98076985137605,0.07209740499082577,88.45757662636031,103.00994236008175
33.3161484315047,0.07164075420707339,88.60422866765488,100.12903601974354
33.24336895471359,0.07133521206829638,88.61790949595552,100.33366021918008
33.38847803840678,0.06559689050670395,89.0528468255419,94.18778198683066
33.329474308673426,0.05597494993521936,89.64272219258523,88.03249072398654
33.79524627610264,0.07636787720540475,88.37552059473526,103.38556995533962
33.57344520523278,0.06649099126097076,89.02823707506646,95.15250926419901
32.67440418777166,0.0592635075396687,89.30430827126018,92.17295219870026
33.49642226272947,0.05332447706109418,89.8133627998838,86.14828619482795
33.257061151631916,0.0629616027689859,89.1879236329554,93.23638752643748
32.790451432631045,0.06357054347120351,89.06536296276418,94.79921764865036
32.88600143202679,0.06839172319658875,88.74642373845457,98.57144121096714
33.4225475913689,0.07068005297023058,88.7037417369175,98.97670774207816
33.28452759905827,0.06992239932925008,88.69355293098681,99.41956727267718
33.736391515875994,0.06911721391196808,88.84710381227093,97.5062649865279
32.84313023437096,0.04880200352253044,90.05968764789348,82.63587887817759
32.59463376819893,0.06905694551732108,88.60085591562682,100.91206928659386
33.38483427790459,0.05846395351549214,89.52393111056615,88.40385718043258
33.25770105433882,0.07488600455462185,88.3830469177773,103.2586603859081
32.878783262307124,0.07111815557055513,88.56051102462823,100.8573607738603
32.95396327168308,0.05653234886725242,89.51810742600865,89.5434138812076
33.11864186853757,0.06511959204969225,89.01658140421854,95.34736713321252
33.87137356615598,0.07255265305751343,88.6767464906238,98.60434400743854
32.481024200226216,0.05889723793415192,89.2545214536188,93.6273705836809
33.199202463349266,0.0668784073830525,88.92518579191864,95.89278598432766
33.24255293313557,0.05525636074893349,89.67226689406091,87.73257539327079
33.76652545306738,0.06172287274629245,89.34435876732454,91.143415515475
33.34511531550428,0.059885430229175765,89.31797000303878,92.8397163438588
33.999207325897665,0.0838233135248774,87.96520362098306,107.68649589500907
32.65821327601676,0.04995092790396907,89.9149110549462,84.82063017048306
33.235988004580015,0.0624171574931368,89.22181493639087,92.92348366551217
33.01487296092022,0.06843361147985763,88.77750198112541,98.07223053764878
33.51025839029334,0.06266217257435015,89.27050076002988,91.2320190103868
33.39289991782862,0.06571270285191984,89.06784789219543,93.86853248780838
33.180292328514774,0.05802128394986793,89.51361432284222,88.91269508190433
33.63960883023342,0.07563149381976993,88.4428574700745,102.08830139983006
33.43094839037004,0.06853435749895537,88.88573140058297,96.06946617281527
33.190704010289856,0.06522054712080451,89.04639134847105,94.31260084719501
33.079749182681695,0.06455437331424423,89.00736556620188,95.68042487339508
33.66241857674823,0.0837133377760918,87.93045824611247,108.16967395462568
33.1135061793495,0.057426259235655634,89.5239028159398,89.36998360640128
33.199654954814775,0.0719101835357529,88.61466072347619,99.37201776039102
33.070070179126226,0.05707587342903678,89.48194474564261,90.6190530407547
33.03565046276493,0.06083724059840945,89.22793370150546,93.67759472857036
33.39947480173705,0.06006346835536888,89.43927058304727,89.1081905096843
33.859140970598716,0.07904052652010594,88.2415365371193,104.59434107825791
33.39550754696129,0.07224676062800035,88.6718543018656,97.98551514994841
33.0300722245054,0.052311910444010755,89.8092470615663,86.51692736125736
33.19266346168339,0.058061773184986135,89.45106381297846,90.80450656032377
33.29331957115026,0.055989233836195015,89.65738368524278,87.63010370801953
32.7458339275038,0.05398676040284903,89.6732889641625,87.8334395314897
33.15123604607085,0.057208113613247465,89.50706240232749,90.4009078942339
33.512160608564066,0.06684296626293192,88.96417172236607,95.81063836090426
32.70797167778402,0.05508792358159478,89.56946193010123,88.93021416223372
32.91974293039043,0.0665309891957133,88.88942946301178,96.22533902492194
32.74861045451594,0.06027320384575281,89.27187246268666,92.40329601681906
33.00944769742536,0.05879169686089286,89.42659034939238,90.07638409294894
33.204346887624105,0.06592755389530229,88.96239004683379,95.90213866550074
33.062192610331095,0.06584746207858075,88.98795606162463,95.06177814341974
33.03910506689691,0.05980083792622199,89.36194136825523,90.77824593365347
33.41175576747317,0.067074027595378,88.89725737874377,96.85415709073406
33.81375383905586,0.06944264311516486,88.83984000634386,97.70751782218565
32.972332119160406,0.07176746859565468,88.48329420822829,102.6147591926066
32.978961578593136,0.04641453409081016,90.19745608547635,81.84109990054091
33.3161484315047,0.07164075420707339,88.60422866765488,100.12903601974354
33.26725287546874,0.07499742685095385,88.38741142672215,102.90856068530465
33.62494841565216,0.06512565064095283,89.13528862412934,93.15986264983997
33.100346610878994,0.055647932323084494,89.61571352930933,88.36345200144297
33.80791210587982,0.07652772513985746,88.36763338869473,103.48392687301718
33.47128829970359,0.0642449242718513,89.1440927183194,94.002821054622
32.57710978341824,0.05904440872668003,89.30074027081695,92.26467109616837
33.49642226272947,0.05332447706109418,89.8133627998838,86.14828619482795
33.257061151631916,0.0629616027689859,89.1879236329554,93.23638752643748
32.98862168419495,0.06319541477737842,89.1220068930578,94.05698784514081
32.88600143202679,0.06839172319658875,88.74642373845457,98.57144121096714
33.4225475913689,0.07068005297023058,88.7037417369175,98.97670774207816
33.28452759905827,0.06992239932925008,88.69355293098681,99.41956727267718
33.67845094280812,0.06855451518699732,88.87147904453668,97.23850014852069
32.83721698492753,0.04846909099778059,90.08098891991233,82.37440643599355
32.59463376819893,0.06905694551732108,88.60085591562682,100.91206928659386
33.485641917629685,0.06283723306262237,89.25137503632831,91.84493126369341
33.33360714602049,0.07087366933609535,88.67220697808823,99.45779924731048
32.878783262307124,0.07111815557055513,88.56051102462823,100.8573607738603
32.962696708031224,0.061603358614389814,89.17259231964093,93.93073485418182
33.14011590938659,0.06552329100711445,88.9941055563889,95.61552396915329
33.87137356615598,0.07255265305751343,88.6767464906238,98.60434400743854
32.481024200226216,0.05889723793415192,89.2545214536188,93.6273705836809
33.363032872511035,0.06708207788653968,88.94614758890194,95.697830027264
33.24255293313557,0.05525636074893349,89.67226689406091,87.73257539327079
33.76109365813074,0.06727947489736447,88.99679572058518,95.31134849934666
33.34511531550428,0.059885430229175765,89.31797000303878,92.8397163438588
33.86662676680865,0.07966201918803326,88.20627369508829,104.98388912536329
32.854392967963044,0.055576545405436335,89.59493191258954,88.31765230338935
33.235988004580015,0.0624171574931368,89.22181493639087,92.92348366551217
32.94435586152384,0.0677271800956539,88.79707447446305,98.08829559804505
33.52025563186819,0.06258213396439721,89.27751201090533,91.13564317346872
33.39289991782862,0.06571270285191984,89.06784789219543,93.86853248780838
33.20845936627821,0.057472914659631745,89.56924674162885,87.98479562768432
33.75271341175079,0.07585227552855486,88.46057077133435,101.74169163773404
33.43094839037004,0.06853435749895537,88.88573140058297,96.06946617281527
33.190704010289856,0.06522054712080451,89.04639134847105,94.31260084719501
33.079749182681695,0.06455437331424423,89.00736556620188,95.68042487339508
33.66241857674823,0.0837133377760918,87.93045824611247,108.16967395462568
33.15424315931276,0.058634463433072506,89.45740776708205,90.02589413840963
33.199654954814775,0.0719101835357529,88.61466072347619,99.37201776039102
33.26807017839605,0.05646364588891108,89.55839007124986,89.60784696747818
33.03565046276493,0.06083724059840945,89.22793370150546,93.67759472857036
33.39947480173705,0.06006346835536888,89.43927058304727,89.1081905096843
33.97379942181052,0.07631700688957715,88.42284662772123,102.5104800487783
33.38502412799455,0.07202719615905523,88.67390400385572,98.12097898379209
33.0300722245054,0.052311910444010755,89.8092470615663,86.51692736125736
33.19827728985746,0.05969147505001805,89.34891496088694,91.94168505967681
33.298367602792595,0.056461694041624835,89.62498529888366,88.02325474454491
33.15768403498155,0.06041998140901225,89.3192041724896,91.98677917937832
33.25181973293895,0.06101723024098155,89.27162365238343,92.89243365270114
33.66504756656941,0.07034928603041087,88.75348247373358,98.28163257721374
32.997600934374354,0.05958072551556119,89.35734905111632,91.01843506162233
32.91974293039043,0.0665309891957133,88.88942946301178,96.22533902492194
32.74861045451594,0.06027320384575281,89.27187246268666,92.40329601681906
33.00944769742536,0.05879169686089286,89.42659034939238,90.07638409294894
33.126021932709136,0.06535769865807796,88.97040707358084,96.00298225852525
33.062192610331095,0.06584746207858075,88.98795606162463,95.06177814341974
33.03910506689691,0.05980083792622199,89.36194136825523,90.77824593365347
33.3502330928053,0.06496845142958836,89.01739527730192,95.39165695759735
33.624041162165945,0.06514759511511377,89.11433996668957,93.76958889760007
32.972332119160406,0.07176746859565468,88.48329420822829,102.6147591926066
32.978961578593136,0.04641453409081016,90.19745608547635,81.84109990054091
33.31909214622455,0.07415373172718412,88.43523675117109,102.1332151900191
33.26725287546874,0.07499742685095385,88.38741142672215,102.90856068530465
33.48159851131288,0.06184798812969906,89.35960702734684,89.70707023439167
33.21576227119838,0.06442725819136895,89.062579423798,94.56505330586373
33.6292138090896,0.07451639696502431,88.47261797082786,102.02350995994192
33.476533216651845,0.06430889504618115,89.14116404311588,94.03653861968519
32.57710978341824,0.05904440872668003,89.30074027081695,92.26467109616837
33.49642226272947,0.05332447706109418,89.8133627998838,86.14828619482795
33.250445659885415,0.06221450324121516,89.23982789655028,92.52156064077121
33.026606841101014,0.06849163411190336,88.77331279911122,98.32956687159928
32.882762848225234,0.06867837302328342,88.72842807124186,98.76740264715777
33.4225475913689,0.07068005297023058,88.7037417369175,98.97670774207816
33.15233820357202,0.0681085807168151,88.78584138925758,98.46665658185893
33.77789591059889,0.06875170520515536,88.86552936362676,97.58794115125902
32.89858205093386,0.05064130982184993,89.94854786054418,83.92930956352359
32.59463376819893,0.06905694551732108,88.60085591562682,100.91206928659386
33.485641917629685,0.06283723306262237,89.25137503632831,91.84493126369341
33.232666054987156,0.06967457979250073,88.72317922870506,98.90772732392759
32.878783262307124,0.07111815557055513,88.56051102462823,100.8573607738603
32.962696708031224,0.061603358614389814,89.17259231964093,93.93073485418182
33.14011590938659,0.06552329100711445,88.9941055563889,95.61552396915329
33.72595994685039,0.07114896074235436,88.73403790356093,98.09683398122004
32.481024200226216,0.05889723793415192,89.2545214536188,93.6273705836809
33.363032872511035,0.06708207788653968,88.94614758890194,95.697830027264
33.24255293313557,0.05525636074893349,89.67226689406091,87.73257539327079
33.85306671730164,0.06831805815648989,88.9442051009409,95.95191030141545
33.34511531550428,0.059885430229175765,89.31797000303878,92.8397163438588
33.86662676680865,0.07966201918803326,88.20627369508829,104.98388912536329
32.854392967963044,0.055576545405436335,89.59493191258954,88.31765230338935
33.00955916732202,0.051109175246488725,89.90750778523692,84.82796386676675
32.94435586152384,0.0677271800956539,88.79707447446305,98.08829559804505
33.40941965503703,0.06802105144620474,88.88757488480474,96.29314750720349
33.39289991782862,0.06571270285191984,89.06784789219543,93.86853248780838
33.23588624548353,0.05484965227842024,89.76848030007218,85.31715027958563
33.64644454831164,0.07478412857211633,88.5048084555924,101.26140634229534
33.47219714301345,0.06910332208638877,88.85814689497278,96.37111111959867
33.190704010289856,0.06522054712080451,89.04639134847105,94.31260084719501
33.079749182681695,0.06455437331424423,89.00736556620188,95.68042487339508
33.11219813828707,0.05760774690865697,89.53746076257528,88.79072354704326
33.199654954814775,0.0719101835357529,88.61466072347619,99.37201776039102
33.26807017839605,0.05646364588891108,89.55839007124986,89.60784696747818
33.03565046276493,0.06083724059840945,89.22793370150546,93.67759472857036
33.40305743332197,0.05937346393676032,89.48774984996854,88.46035843354812
33.876945170889975,0.07357600599127417,88.59425662368868,100.25031451075365
33.23188209164984,0.0682473617636111,88.85473560647176,96.60153580189845
33.0300722245054,0.052311910444010755,89.8092470615663,86.51692736125736
33.04776612793506,0.05519414258235959,89.60623582445723,89.00460295570024
32.875911298923604,0.04743194145994985,90.1434643781673,81.9848270031008
33.15768403498155,0.06041998140901225,89.3192041724896,91.98677917937832
33.25181973293895,0.06101723024098155,89.27162365238343,92.89243365270114
33.68417461245947,0.071235661350494,88.69028578876926,99.17564670658044
33.08661223637042,0.06164453574364055,89.23700285331108,92.48025729548841
32.91266410091398,0.06694204733960682,88.85861013187241,96.71194786531629
32.74861045451594,0.06027320384575281,89.27187246268666,92.40329601681906
32.94762257734367,0.056598865984964546,89.55627327472294,88.63144347055479
33.126021932709136,0.06535769865807796,88.97040707358084,96.00298225852525
32.800079060844276,0.06502865071325543,89.00245611858337,94.76676823300765
33.00413843364224,0.055711312902325075,89.66698729660138,86.5608410319862
33.36573530253854,0.06039594618275114,89.30719840023121,92.03565590037586
33.5622442501534,0.06436659194085334,89.15471454297229,93.30017317191266
32.938985156319696,0.07005418427826224,88.60083619858585,101.09268360992468
32.978961578593136,0.04641453409081016,90.19745608547635,81.84109990054091
33.31176465679942,0.07692211113070513,88.26444786840399,103.91316576905076
33.26725287546874,0.07499742685095385,88.38741142672215,102.90856068530465
33.48159851131288,0.06184798812969906,89.35960702734684,89.70707023439167
33.26367057702941,0.06339785414775778,89.13584337353008,93.61159684352751
33.62962909574738,0.07526857248851977,88.42109723360782,102.68617712863825
33.35871403347212,0.06314574715941967,89.19434638642586,93.29407353825064
32.59600317005785,0.05926171021617331,89.28937030419598,92.39334261174847
33.41696812525201,0.056416186432134675,89.61403202831376,88.27013719201862
33.250445659885415,0.06221450324121516,89.23982789655028,92.52156064077121
33.026606841101014,0.06849163411190336,88.77331279911122,98.32956687159928
32.93614663459004,0.06885261240435236,88.72020099567425,98.95491279241297
33.47332339602738,0.07061079540634885,88.71415669029658,98.83116957958995
33.18029803402927,0.06964949834336581,88.68257436500775,99.81249273363827
33.85544139384376,0.07055851173836195,88.73622181220718,99.65048353304
32.846350112182414,0.050059440407625604,89.98225326145301,83.49193314842532
32.59463376819893,0.06905694551732108,88.60085591562682,100.91206928659386
33.485641917629685,0.06283723306262237,89.25137503632831,91.84493126369341
33.232666054987156,0.06967457979250073,88.72317922870506,98.90772732392759
32.878783262307124,0.07111815557055513,88.56051102462823,100.8573607738603
32.99731838670546,0.0623127448317618,89.1335808368083,94.38524585808595
33.27241522621061,0.0657157424229881,88.9908565741737,95.94575230918146
33.62767885199161,0.07035669487929694,88.78210470993817,97.42846994323455
32.481024200226216,0.05889723793415192,89.2545214536188,93.6273705836809
33.363032872511035,0.06708207788653968,88.94614758890194,95.697830027264
33.24255293313557,0.05525636074893349,89.67226689406091,87.73257539327079
33.30519066079488,0.06437095762464105,89.09464121120548,94.40095129309651
33.35806137689083,0.05943086973606006,89.34353029915813,92.6670391692128
33.86662676680865,0.07966201918803326,88.20627369508829,104.98388912536329
32.756785826058156,0.05277757859943963,89.75413416866792,86.57774573005982
33.161726349251815,0.05635490258886138,89.59670083153536,88.5176276106038
32.92940944222529,0.06735689699521766,88.82609582637764,97.43918460142955
33.447273461905134,0.0691641545840046,88.82247632706064,97.08401050772802
33.37496470260586,0.06626878498998266,89.0323558946506,94.25987323479893
33.23588624548353,0.05484965227842024,89.76848030007218,85.31715027958563
33.60586616596152,0.0743371553946606,88.52028310319794,101.13527739227007
33.47219714301345,0.06910332208638877,88.85814689497278,96.37111111959867
33.190704010289856,0.06522054712080451,89.04639134847105,94.31260084719501
33.079749182681695,0.06455437331424423,89.00736556620188,95.68042487339508
33.11219813828707,0.05760774690865697,89.53746076257528,88.79072354704326
33.199654954814775,0.0719101835357529,88.61466072347619,99.37201776039102
33.26807017839605,0.05646364588891108,89.55839007124986,89.60784696747818
33.03565046276493,0.06083724059840945,89.22793370150546,93.67759472857036
33.236309131177556,0.06100788770350908,89.33062628695944,90.71070947105495
33.862853896896375,0.07328177390623013,88.61163615886349,100.03915941077943
33.191661211327485,0.06672853629060582,88.93122865706803,96.00222627851413
33.0300722245054,0.052311910444010755,89.8092470615663,86.51692736125736
33.04776612793506,0.05519414258235959,89.60623582445723,89.00460295570024
32.875911298923604,0.04743194145994985,90.1434643781673,81.9848270031008
33.15768403498155,0.06041998140901225,89.3192041724896,91.98677917937832
33.23888496961928,0.0637182437943159,89.10872331424754,94.49910945688741
33.68417461245947,0.071235661350494,88.69028578876926,99.17564670658044
33.10586125814694,0.059448067492662654,89.38574914372002,90.60386789912457
32.89820118417314,0.06736845605166975,88.83013324404926,97.00104258348163
32.786118353178026,0.06205224457462251,89.16111219107297,93.55612021048088
32.94762257734367,0.056598865984964546,89.55627327472294,88.63144347055479
33.126021932709136,0.06535769865807796,88.97040707358084,96.00298225852525
32.800079060844276,0.06502865071325543,89.00245611858337,94.76676823300765
33.00413843364224,0.055711312902325075,89.66698729660138,86.5608410319862
33.36573530253854,0.06039594618275114,89.30719840023121,92.03565590037586
33.5834901281085,0.06407272861681,89.18097748831713,92.93792335565036
33.02231603815124,0.06638326184029253,88.87455610566182,97.62305884223463
33.083534007901186,0.050194703572585986,89.95675615398517,84.59741301236485
33.31176465679942,0.07692211113070513,88.26444786840399,103.91316576905076
33.26725287546874,0.07499742685095385,88.38741142672215,102.90856068530465
33.5534782465857,0.06308236104906233,89.30632874339088,89.9743545781407
33.26367057702941,0.06339785414775778,89.13584337353008,93.61159684352751
33.7970618262981,0.07736238929186434,88.32366388475485,103.75698853249723
33.35871403347212,0.06314574715941967,89.19434638642586,93.29407353825064
32.63179769590415,0.05951958713984476,89.27954182351476,92.49467181139225
33.41696812525201,0.056416186432134675,89.61403202831376,88.27013719201862
33.250445659885415,0.06221450324121516,89.23982789655028,92.52156064077121
33.05995070892113,0.06878329650182373,88.7585578930516,98.67455274931405
32.93614663459004,0.06885261240435236,88.72020099567425,98.95491279241297
33.47332339602738,0.07061079540634885,88.71415669029658,98.83116957958995
33.18029803402927,0.06964949834336581,88.68257436500775,99.81249273363827
33.85544139384376,0.07055851173836195,88.73622181220718,99.65048353304
32.88986118696953,0.05141657743012664,89.89808250885267,84.52641692668377
32.737061387498024,0.06590138507212896,88.86019520428943,97.44830537766386
33.40031736083986,0.06120162732725027,89.34399305102085,90.79681245079824
33.24551375093799,0.07025087655002843,88.69026339740859,99.24879247826269
32.878783262307124,0.07111815557055513,88.56051102462823,100.8573607738603
32.99731838670546,0.0623127448317618,89.1335808368083,94.38524585808595
33.27241522621061,0.0657157424229881,88.9908565741737,95.94575230918146
33.4997592802585,0.06980714644533972,88.79016366926861,97.43043281668768
32.481024200226216,0.05889723793415192,89.2545214536188,93.6273705836809
33.363032872511035,0.06708207788653968,88.94614758890194,95.697830027264
33.2399233433013,0.05548430331684406,89.65642901879801,87.91920193675318
33.30519066079488,0.06437095762464105,89.09464121120548,94.40095129309651
33.37449266393227,0.059185523901432585,89.35465135027701,92.6321797551639
33.431067165691,0.07460211436686043,88.44684408697077,102.16171330902824
32.756785826058156,0.05277757859943963,89.75413416866792,86.57774573005982
33.161726349251815,0.05635490258886138,89.59670083153536,88.5176276106038
32.92940944222529,0.06735689699521766,88.82609582637764,97.43918460142955
33.44711747313804,0.06916216952335408,88.82257666262785,97.08296545614402
33.53005314741248,0.06765342458267024,88.93676962556009,95.99985642848696
33.23588624548353,0.05484965227842024,89.76848030007218,85.31715027958563
33.63947987566473,0.07585923308745833,88.42860771567123,102.20171346716012
33.47219714301345,0.06910332208638877,88.85814689497278,96.37111111959867
33.190704010289856,0.06522054712080451,89.04639134847105,94.31260084719501
33.100731199111785,0.0649619999460168,88.99309090870783,95.7407583554268
33.11219813828707,0.05760774690865697,89.53746076257528,88.79072354704326
33.199654954814775,0.0719101835357529,88.61466072347619,99.37201776039102
33.33558684319882,0.05522798021477495,89.63859417112897,88.86357395723225
33.113857115149735,0.06611744840463481,88.93549032992297,96.39301890394162
33.09054589941805,0.06402337499836426,89.09099753169227,93.9064255800061
33.877184049231744,0.07339305666207448,88.60636645415417,100.11025082749927
33.191661211327485,0.06672853629060582,88.93122865706803,96.00222627851413
33.0300722245054,0.052311910444010755,89.8092470615663,86.51692736125736
33.067369074081604,0.05317967404330735,89.73544730311096,87.60761681352946
32.90823471645138,0.048383880715203775,90.08535002669183,82.67230846318283
33.323266954159386,0.06805236486545091,88.83483008815602,97.86439694323667
33.26734455863295,0.0664341770688698,88.92873513504237,96.7053504993951
33.68417461245947,0.071235661350494,88.69028578876926,99.17564670658044
33.20818378338744,0.06479497150355318,89.04858302086566,94.43914594227392
32.89820118417314,0.06736845605166975,88.83013324404926,97.00104258348163
32.786118353178026,0.06205224457462251,89.16111219107297,93.55612021048088
32.94762257734367,0.056598865984964546,89.55627327472294,88.63144347055479
32.95238541230415,0.0635291147848661,89.05755040720743,95.01599350946232
32.73561947536796,0.06378990347912908,89.05338161452428,94.53657239763936
33.14554560513017,0.055505106728864904,89.65487382298983,87.54326526532854
33.36993291609118,0.059815761724894397,89.3299437383838,92.32158410463182
33.486749899412416,0.06453797678488547,89.13144983618214,93.51150197062498
33.02231603815124,0.06638326184029253,88.87455610566182,97.62305884223463
33.08113173151553,0.050289839120779486,89.95012791252223,84.68366535374531
33.43790378806578,0.0709572306953032,88.68991497488746,98.81828991219993
33.2679488959755,0.07504493378088523,88.3845382820866,102.94259305882105
33.49140627698929,0.06339022901507896,89.25999500115823,90.77696922548206
33.25074158675992,0.06430996682970194,89.08346448630658,94.20972113018644
33.76713102220317,0.07682693670996445,88.35251096801983,103.41113183313499
33.35871403347212,0.06314574715941967,89.19434638642586,93.29407353825064
32.529403513570074,0.06125082404691562,89.15220892699047,93.89853866720966
33.41696812525201,0.056416186432134675,89.61403202831376,88.27013719201862
33.045879737769575,0.05503969282659175,89.66639193027692,87.43144437635546
33.212274410597864,0.06702374404545205,88.92762340049853,95.98929956764658
32.926838169526704,0.06874460331366779,88.72392921926769,98.94017850615265
33.54624593633201,0.07054856581086001,88.73300189789799,98.58264975620227
33.18277849905083,0.06901188229540306,88.73685304584944,98.98075065862373
33.75585498003841,0.06835498286652654,88.85800472668734,98.14719606297602
32.88986118696953,0.05141657743012664,89.89808250885267,84.52641692668377
32.74878311819275,0.06581832619768214,88.86874536938105,97.33075346416396
33.40031736083986,0.06120162732725027,89.34399305102085,90.79681245079824
33.29642861275309,0.0659806145795975,88.95203364901323,96.41403742526435
32.95239877207816,0.0668571777014919,88.86862614658743,97.05172650592851
32.99731838670546,0.0623127448317618,89.1335808368083,94.38524585808595
33.55429144470428,0.06929405569497644,88.81164988071706,97.88678010291233
33.86522830655269,0.07497264058116909,88.52148853809258,100.57772846669441
32.481024200226216,0.05889723793415192,89.2545214536188,93.6273705836809
33.46325785083788,0.06701855793515489,88.97389559432952,95.29534433976302
33.12105979616972,0.051247353445480655,89.88796662818892,85.78668478797418
33.707943452563,0.07288522568478228,88.6103044348951,100.14637453066078
33.37141506444967,0.05898191268976459,89.36579051523306,92.5255549256013
33.16659065340337,0.06857158066409039,88.76851401110898,98.42355150785534
32.756785826058156,0.05277757859943963,89.75413416866792,86.57774573005982
33.06835788359653,0.05319760549465236,89.78858586931344,86.22067864470134
32.92940944222529,0.06735689699521766,88.82609582637764,97.43918460142955
33.44711747313804,0.06916216952335408,88.82257666262785,97.08296545614402
33.53005314741248,0.06765342458267024,88.93676962556009,95.99985642848696
33.249401729895155,0.059007862416450334,89.46073870460569,89.35192300942114
33.63947987566473,0.07585923308745833,88.42860771567123,102.20171346716012
33.47219714301345,0.06910332208638877,88.85814689497278,96.37111111959867
33.239853481448925,0.06511633084053381,89.104128933084,93.02814376833392
33.102278403158074,0.06504651167732739,88.98739979853104,95.8125999057536
33.11219813828707,0.05760774690865697,89.53746076257528,88.79072354704326
33.19468028501232,0.07275094006777329,88.55408778895648,100.15708828464446
33.16679615957747,0.05876316725347836,89.38660039428814,91.61880211104673
33.113857115149735,0.06611744840463481,88.93549032992297,96.39301890394162
33.109349847258386,0.06780540337818303,88.84876301098832,96.6323192840315
33.877184049231744,0.07339305666207448,88.60636645415417,100.11025082749927
33.191661211327485,0.06672853629060582,88.93122865706803,96.00222627851413
32.8695715812044,0.04881212400808979,90.00161425517858,84.4905420429365
33.067369074081604,0.05317967404330735,89.73544730311096,87.60761681352946
32.91951049487768,0.04810639155701347,90.10727888505184,82.38316096230074
33.32972448065101,0.0735254418164896,88.50104281524872,101.77670947687952
33.287476688674566,0.0677262814411553,88.82135573386255,98.43896268929483
33.68417461245947,0.071235661350494,88.69028578876926,99.17564670658044
33.01802351825708,0.05969390578075731,89.34548537733438,90.81412782715081
32.89820118417314,0.06736845605166975,88.83013324404926,97.00104258348163
32.7658825112175,0.06146749822848399,89.19670688954089,93.13071512058038
32.94762257734367,0.056598865984964546,89.55627327472294,88.63144347055479
32.95238541230415,0.0635291147848661,89.05755040720743,95.01599350946232
32.96598728927981,0.0641833276881316,89.06083880664401,94.38904112497772
33.15088280737566,0.05744125472307462,89.52327882627525,89.18278791038476
33.36993291609118,0.059815761724894397,89.3299437383838,92.32158410463182
33.486749899412416,0.06453797678488547,89.13144983618214,93.51150197062498
33.068774998849264,0.06639291569037803,88.88482879306858,97.44905552315808
33.40524731204526,0.060492766641608374,89.35958295294381,91.25366407180573
33.43790378806578,0.0709572306953032,88.68991497488746,98.81828991219993
33.2679488959755,0.07504493378088523,88.3845382820866,102.94259305882105
33.49140627698929,0.06339022901507896,89.25999500115823,90.77696922548206
33.30900452083546,0.06476913557816376,89.07194255135839,94.16936734391889
33.859510156735624,0.08087586650553416,88.09586851727887,106.67283229922799
33.35871403347212,0.06314574715941967,89.19434638642586,93.29407353825064
32.529403513570074,0.06125082404691562,89.15220892699047,93.89853866720966
33.39796461837512,0.057688559215778874,89.52699330494771,89.3414833557077
33.045879737769575,0.05503969282659175,89.66639193027692,87.43144437635546
32.74001811083649,0.0608338857145054,89.24769309923349,92.15257226435631
32.86662734088943,0.06920298135064447,88.67679710100062,99.60815866724415
33.57592524395729,0.07067404528467233,88.73268742844891,98.55014241734064
33.200880801885226,0.06900094027327205,88.74029175190063,98.94482629308031
33.68124205379554,0.06776064231026041,88.88511157975083,97.77715443857204
32.88986118696953,0.05141657743012664,89.89808250885267,84.52641692668377
32.74878311819275,0.06581832619768214,88.86874536938105,97.33075346416396
33.40031736083986,0.06120162732725027,89.34399305102085,90.79681245079824
33.3141629429613,0.06033625964855548,89.3054132246355,92.34870340904692
32.95239877207816,0.0668571777014919,88.86862614658743,97.05172650592851
33.11020554318637,0.06231355807049508,89.16159609147405,93.97822327588415
33.4942840596717,0.06886951825563209,88.83143755701586,97.57492759711813
33.86510343501538,0.07510155376460234,88.51219395365366,100.71083183229067
32.481024200226216,0.05889723793415192,89.2545214536188,93.6273705836809
33.52767132705979,0.06723784095475882,88.9476602665656,96.02870948098834
33.468243811394956,0.062316137377094516,89.25045060403895,92.6872911185313
33.36644002936006,0.059035900491980646,89.3621308569115,92.55512328497586
33.15483499227929,0.0687591030913616,88.75072643086835,98.70029506186471
32.756785826058156,0.05277757859943963,89.75413416866792,86.57774573005982
33.06835788359653,0.05319760549465236,89.78858586931344,86.22067864470134
32.5973930689498,0.06565065335174172,88.88583779370657,96.67532602233845
33.44711747313804,0.06916216952335408,88.82257666262785,97.08296545614402
33.4585864326165,0.06647175897265718,89.00479246390378,95.15361547824695
33.234198470786104,0.05831896183704042,89.50185875860778,88.87294306059451
33.63947987566473,0.07585923308745833,88.42860771567123,102.20171346716012
33.47219714301345,0.06910332208638877,88.85814689497278,96.37111111959867
33.22025026200306,0.06341160834616627,89.1799235269636,92.6499799775696
33.102278403158074,0.06504651167732739,88.98739979853104,95.8125999057536
33.06008010131145,0.055250805673792466,89.67746092862846,87.22730702508602
33.19468028501232,0.07275094006777329,88.55408778895648,100.15708828464446
33.260969140609674,0.062256676295213205,89.19711856178424,93.45446899102345
33.10311454584865,0.06601852327481467,88.9363490309688,96.43708618834108
33.109349847258386,0.06780540337818303,88.84876301098832,96.6323192840315
33.877184049231744,0.07339305666207448,88.60636645415417,100.11025082749927
33.18029913436197,0.06687718461965568,88.91984528335814,96.08920291053924
32.8695715812044,0.04881212400808979,90.00161425517858,84.4905420429365
32.81058473412776,0.04622328007570374,90.11620959757768,83.71187039347954
32.91951049487768,0.04810639155701347,90.10727888505184,82.38316096230074
33.32972448065101,0.0735254418164896,88.50104281524872,101.77670947687952
33.287476688674566,0.0677262814411553,88.82135573386255,98.43896268929483
33.62018161510909,0.07069981475662229,88.73473865302728,98.38705711400368
33.01802351825708,0.05969390578075731,89.34548537733438,90.81412782715081
33.061773632636324,0.0645651318114992,89.04233422481165,94.5876249930986
32.711586751813016,0.06133408437765632,89.20224345627427,92.99707288749889
32.994184713804714,0.057340396294326995,89.51527974661482,89.15955470770871
32.9478581009896,0.06354778305750286,89.05550276688356,95.03890303764483
32.859181508753615,0.06265023444017163,89.14478757611582,93.38659816084964
33.15088280737566,0.05744125472307462,89.52327882627525,89.18278791038476
33.376106041208566,0.05967747658401295,89.3374686835343,92.25740277357579
33.69018713150806,0.07005207279774345,88.81192668412139,97.0565622515482
33.058580238026934,0.06634864719293598,88.8816278290647,97.57336379127898
33.40524731204526,0.060492766641608374,89.35958295294381,91.25366407180573
33.43790378806578,0.0709572306953032,88.68991497488746,98.81828991219993
33.2679488959755,0.07504493378088523,88.3845382820866,102.94259305882105
33.548406897610285,0.06487625494591234,89.16778245468373,92.01981032867914
33.43388484946074,0.07055650120485278,88.71548915163947,98.10763530693407
33.859510156735624,0.08087586650553416,88.09586851727887,106.67283229922799
33.35871403347212,0.06314574715941967,89.19434638642586,93.29407353825064
32.59351215129575,0.06266913760150214,89.0629157020497,94.98586357929705
33.32396178500939,0.06007171981003768,89.38246841978498,90.7191892945917
33.045879737769575,0.05503969282659175,89.66639193027692,87.43144437635546
32.89645736527691,0.06248866891551908,89.16393638848692,93.18543133620538
32.94253303031924,0.06318059588224156,89.09513282660083,94.57081584744952
33.539744656260474,0.07087099048302939,88.7075966225788,99.02307883847818
33.197419752786075,0.06899656500398316,88.7395925440361,98.95868865216856
33.496045395400614,0.06384923917255768,89.14061131387048,94.08840851867204
32.99445331095585,0.05459423213981716,89.7036849535167,86.91526144126763
32.72928526248113,0.06567292696240906,88.87380516424881,97.28866537669602
33.473788972239994,0.06307998029319349,89.23034574454584,92.23174875872034
33.19523907366063,0.05757834381870864,89.45306905110792,90.70927419319152
32.95239877207816,0.0668571777014919,88.86862614658743,97.05172650592851
33.10878209388492,0.062240855695608804,89.16587938525487,93.92765474697546
33.4942840596717,0.06886951825563209,88.83143755701586,97.57492759711813
33.86510343501538,0.07510155376460234,88.51219395365366,100.71083183229067
32.86505069121525,0.06310156074963193,89.04825125945672,95.9186138482961
33.55435546221087,0.06944778363822302,88.8117013896516,97.52907270806615
33.448026096142414,0.060641734528894514,89.35346229409149,91.55051391632097
34.03039011624014,0.07744172446725107,88.38805585761108,102.52896880166203
33.36644002936006,0.059035900491980646,89.3621308569115,92.55512328497586
33.04078563312038,0.0686018255558345,88.72269028972327,99.33138114180777
32.806787676457944,0.05495968012005736,89.61481241928288,88.32006775060049
33.06835788359653,0.05319760549465236,89.78858586931344,86.22067864470134
32.5973930689498,0.06565065335174172,88.88583779370657,96.67532602233845
33.44711747313804,0.06916216952335408,88.82257666262785,97.08296545614402
33.4585864326165,0.06647175897265718,89.00479246390378,95.15361547824695
33.234198470786104,0.05831896183704042,89.50185875860778,88.87294306059451
33.63947987566473,0.07585923308745833,88.42860771567123,102.20171346716012
33.472406304073,0.06946241534800486,88.83739106991916,96.56601298186541
33.22025026200306,0.06341160834616627,89.1799235269636,92.6499799775696
33.102278403158074,0.06504651167732739,88.98739979853104,95.8125999057536
33.09275222477844,0.058361980674741826,89.47424366165316,89.69738324043624
33.19468028501232,0.07275094006777329,88.55408778895648,100.15708828464446
33.260969140609674,0.062256676295213205,89.19711856178424,93.45446899102345
33.13391252430669,0.0690231271703442,88.73993575886935,98.7945095898046
33.16117025551794,0.06596500647551598,88.96530856193598,95.5456307785471
33.58033774506323,0.06707135363285437,88.97537472236935,95.6730157081062
33.18029913436197,0.06687718461965568,88.91984528335814,96.08920291053924
32.82421409365017,0.05161819925190516,89.81567445947137,86.5210887716939
32.81058473412776,0.04622328007570374,90.11620959757768,83.71187039347954
33.03380917297934,0.051128947767560315,89.92465878225958,84.53254509568544
33.33451060100087,0.07181177385720407,88.61550592377333,100.37624232456199
33.287476688674566,0.0677262814411553,88.82135573386255,98.43896268929483
33.62018161510909,0.07069981475662229,88.73473865302728,98.38705711400368
33.042220508318564,0.05993906720381776,89.33475097617676,90.99026194020831
32.985999899179895,0.06345166144399604,89.10191526374821,93.94846789567939
32.96621329839374,0.06444404972973924,89.04504505800774,94.8374334783627
32.994184713804714,0.057340396294326995,89.51527974661482,89.15955470770871
32.9478581009896,0.06354778305750286,89.05550276688356,95.03890303764483
32.859181508753615,0.06265023444017163,89.14478757611582,93.38659816084964
33.20608629090362,0.057839375912280944,89.50859401169977,89.32119486198233
33.28531877894686,0.05892514563635748,89.38169574528573,91.62952935603788
33.79954620626632,0.07049253562118792,88.80453018478494,97.0947136679213
33.248027817610485,0.07491765428539716,88.32998307379762,104.5355017001715
33.38367956844133,0.06038104896639964,89.36565522557444,91.11185020434279
33.43790378806578,0.0709572306953032,88.68991497488746,98.81828991219993
33.2679488959755,0.07504493378088523,88.3845382820866,102.94259305882105
33.548406897610285,0.06487625494591234,89.16778245468373,92.01981032867914
33.42739919374471,0.06993788051115234,88.75484211113447,97.67170389115999
33.859510156735624,0.08087586650553416,88.09586851727887,106.67283229922799
33.35871403347212,0.06314574715941967,89.19434638642586,93.29407353825064
32.668263231562236,0.06354805554455718,89.01823938267074,95.51269593888969
33.32373957300419,0.060070568785198,89.38253098228118,90.71772818932115
32.97449592753713,0.0536497718104281,89.75047734014818,86.35627619408164
32.82928384820241,0.0661193351487727,88.9198422869912,95.9070457816751
32.87749674542006,0.05924191360374625,89.34411394517741,91.57605085184562
33.57101519749089,0.07224772384124957,88.62241135584425,100.01920463749612
33.11515726842324,0.06853784706295397,88.75964248162761,98.6456441031659
33.46382719769747,0.06317758790832441,89.17407744946883,93.72648255536762
33.103337517584485,0.056545593872711505,89.59834390000572,88.0576402091098
32.72928526248113,0.06567292696240906,88.87380516424881,97.28866537669602
33.530981661049,0.06420959256169628,89.18461553668118,92.54434773825686
33.227203698759155,0.05708520340925805,89.47778495992002,90.65057760320198
32.95239877207816,0.0668571777014919,88.86862614658743,97.05172650592851
33.10878209388492,0.062240855695608804,89.16587938525487,93.92765474697546
33.4942840596717,0.06886951825563209,88.83143755701586,97.57492759711813
33.86510343501538,0.07510155376460234,88.51219395365366,100.71083183229067
32.85615577831894,0.06282316206677793,89.06472969246967,95.74587490701288
33.55435546221087,0.06944778363822302,88.8117013896516,97.52907270806615
33.448026096142414,0.060641734528894514,89.35346229409149,91.55051391632097
33.84904683068799,0.07594958491238687,88.45104929639783,101.7882004825239
33.30177637724854,0.060971393348561734,89.28153567156485,92.59708094234973
33.04078563312038,0.0686018255558345,88.72269028972327,99.33138114180777
32.91136742317772,0.05571389725401569,89.58699290336135,88.58227156487608
33.06835788359653,0.05319760549465236,89.78858586931344,86.22067864470134
32.5973930689498,0.06565065335174172,88.88583779370657,96.67532602233845
33.76797860884111,0.07298994769459755,88.6395929126091,99.16074039578267
33.4585864326165,0.06647175897265718,89.00479246390378,95.15361547824695
33.30813006752689,0.059883252107896176,89.39632581465786,90.43559564992648
33.79092955437155,0.0784229941896243,88.28960292678516,103.91265691843142
33.27954929332406,0.0666929849332355,88.99709823049004,94.53045603325569
33.23411642177042,0.06245553908799864,89.2229213690427,92.43252102787378
33.102278403158074,0.06504651167732739,88.98739979853104,95.8125999057536
33.224781167998145,0.06401147367470036,89.16226238481266,92.77764024574721
33.19468028501232,0.07275094006777329,88.55408778895648,100.15708828464446
33.260969140609674,0.062256676295213205,89.19711856178424,93.45446899102345
33.13391252430669,0.0690231271703442,88.73993575886935,98.7945095898046
33.16117025551794,0.06596500647551598,88.96530856193598,95.5456307785471
33.58033774506323,0.06707135363285437,88.97537472236935,95.6730157081062
33.17222908424185,0.06739708960297358,88.87586532113986,96.68999551142095
32.82421409365017,0.05161819925190516,89.81567445947137,86.5210887716939
32.81058473412776,0.04622328007570374,90.11620959757768,83.71187039347954
33.03380917297934,0.051128947767560315,89.92465878225958,84.53254509568544
33.33451060100087,0.07181177385720407,88.61550592377333,100.37624232456199
33.2827459384147,0.07115035336174796,88.58005494336648,101.61352255236604
33.62018161510909,0.07069981475662229,88.73473865302728,98.38705711400368
33.072011546605374,0.0599406844888342,89.33875479497492,91.01840390924721
33.201211698147034,0.0685450672055985,88.81907046368441,97.35164733137482
32.96621329839374,0.06444404972973924,89.04504505800774,94.8374334783627
32.99407827198422,0.057431678300824816,89.50870130114507,89.24383722474502
32.98461530760218,0.0655468944089,88.9238597897623,96.73677987712303
32.71662992734199,0.06125633672135395,89.21308985123804,92.53714703465836
33.20608629090362,0.057839375912280944,89.50859401169977,89.32119486198233
33.28531877894686,0.05892514563635748,89.38169574528573,91.62952935603788
33.92685402332115,0.07080976635196475,88.81826160251676,96.71943684983701
33.18221342527339,0.07060051481420299,88.59872526604588,101.40253493843792
33.40321862081342,0.05938992124997476,89.44003538895733,90.11381537425973
33.50591914218674,0.07255734771715483,88.59408084338223,100.08541849850964
33.2679488959755,0.07504493378088523,88.3845382820866,102.94259305882105
33.548406897610285,0.06487625494591234,89.16778245468373,92.01981032867914
33.43336372234756,0.07018437271491731,88.73931700922829,97.8486558791292
33.859510156735624,0.08087586650553416,88.09586851727887,106.67283229922799
33.35871403347212,0.06314574715941967,89.19434638642586,93.29407353825064
32.81476300175691,0.06527058953628684,88.93068117616956,96.5452003433249
33.32373957300419,0.060070568785198,89.38253098228118,90.71772818932115
32.97449592753713,0.0536497718104281,89.75047734014818,86.35627619408164
32.82928384820241,0.0661193351487727,88.9198422869912,95.9070457816751
32.986836963995756,0.05474689123852257,89.67760422910851,87.46705650782856
33.67488703077485,0.07382530837050577,88.5440495611889,100.8130463730001
33.27434363265557,0.07018163003672015,88.65305072896797,100.2045792917302
33.298216422371944,0.05995296461659283,89.36915599566858,91.23208731796181
33.148978992050196,0.060185047328129716,89.3460454713174,91.29965415548534
32.710340755472814,0.06611376664265185,88.83428417462778,97.85775603049706
33.31259631456248,0.0645466859694409,89.11472535006776,93.51066751929548
32.95846899283989,0.060740006237937315,89.22520626387568,93.22128523820057
32.95239877207816,0.0668571777014919,88.86862614658743,97.05172650592851
32.748521677032215,0.056281858881990623,89.46960070971502,90.78618493915508
33.4942840596717,0.06886951825563209,88.83143755701586,97.57492759711813
33.86510343501538,0.07510155376460234,88.51219395365366,100.71083183229067
33.00983954242276,0.06372470076905169,89.04576704388545,95.73041294240763
33.55435546221087,0.06944778363822302,88.8117013896516,97.52907270806615
33.448026096142414,0.060641734528894514,89.35346229409149,91.55051391632097
33.88757122187581,0.0743100279234278,88.5580677854431,100.37995501773707
33.22236192389352,0.05941603853554636,89.37035830541627,91.58669630060992
33.040404448779555,0.06764713115962388,88.78836422152494,98.52279276759307
32.94720169961385,0.0578569532977312,89.45059951739626,90.2266490800871
33.06835788359653,0.05319760549465236,89.78858586931344,86.22067864470134
32.5973930689498,0.06565065335174172,88.88583779370657,96.67532602233845
33.626133945217305,0.07195174042390931,88.6819409472492,98.6690798076713
33.38662210339342,0.0677500798660678,88.87420456996038,97.66442618847965
33.52193451480444,0.05765485543117924,89.59734480206781,87.78099667036209
33.83885128849805,0.08015056363303219,88.18611249922074,105.1393159662353
33.36999233953634,0.0657996808091298,89.06455031131362,93.81603057589498
33.22101971832515,0.05758212758848048,89.54746324549065,88.36402471443914
33.102278403158074,0.06504651167732739,88.98739979853104,95.8125999057536
33.224781167998145,0.06401147367470036,89.16226238481266,92.77764024574721
33.23924971978538,0.07161897018102314,88.63765053156553,99.14818505854092
33.260969140609674,0.062256676295213205,89.19711856178424,93.45446899102345
33.126732676483094,0.06941911535704441,88.70656626216574,99.26992337953216
33.16443441947127,0.06615303901059824,88.95490717575211,95.67285442554389
33.22268007113161,0.06667768751722304,88.91737208819616,96.57116725483603
33.13525197725933,0.07483558486457709,88.36687934945608,103.00002444786986
32.82421409365017,0.05161819925190516,89.81567445947137,86.5210887716939
32.98226702524291,0.05474475367085403,89.61676407659262,89.06915874170211
33.11950483863031,0.05416286900828479,89.74010674265185,86.7088305142594
33.14847709137529,0.06863370873924815,88.79542842347506,98.01602218620684
33.2827459384147,0.07115035336174796,88.58005494336648,101.61352255236604
33.62018161510909,0.07069981475662229,88.73473865302728,98.38705711400368
33.06785648153115,0.05963153851299294,89.35794640485996,90.78325712019972
33.216407847773674,0.06914697424802713,88.78929181243025,97.69856428267713
32.96621329839374,0.06444404972973924,89.04504505800774,94.8374334783627
33.01896392085968,0.05798757014655567,89.47792016515501,89.57720245473912
32.98461530760218,0.0655468944089,88.9238597897623,96.73677987712303
32.71662992734199,0.06125633672135395,89.21308985123804,92.53714703465836
33.20608629090362,0.057839375912280944,89.50859401169977,89.32119486198233
33.28531877894686,0.05892514563635748,89.38169574528573,91.62952935603788
33.88669651629126,0.07079848168642178,88.80642229104454,96.97199028958725
33.374760289472285,0.07186082971644521,88.57735688868505,101.17215081903574
33.40321862081342,0.05938992124997476,89.44003538895733,90.11381537425973
33.50591914218674,0.07255734771715483,88.59408084338223,100.08541849850964
33.2679488959755,0.07504493378088523,88.3845382820866,102.94259305882105
33.548406897610285,0.06487625494591234,89.16778245468373,92.01981032867914
33.43336372234756,0.07018437271491731,88.73931700922829,97.8486558791292
33.595440106489576,0.07529848374554216,88.42390149637801,102.55150864235007
33.34025626718459,0.06556553532620218,89.02966588089367,95.25617179803665
32.89482863734789,0.06643195397545357,88.8583496200432,97.60358960279011
33.33233196480291,0.05999417058746263,89.39021788082313,90.60178486417193
32.97449592753713,0.0536497718104281,89.75047734014818,86.35627619408164
32.82928384820241,0.0661193351487727,88.9198422869912,95.9070457816751
33.07669846446844,0.061235454518883584,89.26425697134111,92.41403590247154
33.67488703077485,0.07382530837050577,88.5440495611889,100.8130463730001
33.31295135150058,0.06934552490695528,88.72909598731908,99.33113030200767
33.298216422371944,0.05995296461659283,89.36915599566858,91.23208731796181
32.85889601031238,0.059742049609353955,89.33885097240439,91.05631407151384
32.710340755472814,0.06611376664265185,88.83428417462778,97.85775603049706
33.31259631456248,0.0645466859694409,89.11472535006776,93.51066751929548
32.95846899283989,0.060740006237937315,89.22520626387568,93.22128523820057
33.00477761940911,0.06541343143567561,88.96597332886621,95.99138926783314
32.73126314415722,0.06072607595117113,89.18242505079921,93.98267515398516
33.4942840596717,0.06886951825563209,88.83143755701586,97.57492759711813
33.86270817817342,0.07757433652429406,88.3339073925204,103.26398969355634
32.89048918705073,0.06392276144940028,88.99493788386346,96.56388738996151
33.75775903700852,0.07355192245218749,88.58331820033116,100.34947533990857
33.45800420659808,0.060375518316653186,89.3720506502883,91.33514496285335
33.88089853199481,0.07419054122526719,88.56457900417215,100.30183541612422
33.22236192389352,0.05941603853554636,89.37035830541627,91.58669630060992
33.040404448779555,0.06764713115962388,88.78836422152494,98.52279276759307
32.94720169961385,0.0578569532977312,89.45059951739626,90.2266490800871
33.06835788359653,0.05319760549465236,89.78858586931344,86.22067864470134
32.509616652281046,0.06888553703388839,88.64493063341301,99.72165354195263
33.4500561157584,0.06521866021814558,89.1241212393343,92.63040364153173
33.38662210339342,0.0677500798660678,88.87420456996038,97.66442618847965
33.479745056989,0.055412188003930635,89.73356571496643,86.12809036083041
33.83885128849805,0.08015056363303219,88.18611249922074,105.1393159662353
33.40177168561415,0.0671738419273915,88.99872120668343,94.29592345670098
33.22101971832515,0.05758212758848048,89.54746324549065,88.36402471443914
33.102278403158074,0.06504651167732739,88.98739979853104,95.8125999057536
33.2418817434564,0.06348630379789769,89.21520964776764,92.03351900729419
33.32942099870321,0.0759457665023671,88.4074027725499,101.34407531186001
33.16470861425401,0.063402736489138,89.10193611781423,94.59777491198854
33.20298151727421,0.07061124259600327,88.64302037494042,100.04022983520342
33.26141538091763,0.06773930571479445,88.86865854434467,96.72716240659929
33.168404828828706,0.06753668996549572,88.84077594841294,97.71338917642491
33.14824004303598,0.07501017263821533,88.35910377502141,103.09866515040083
32.82421409365017,0.05161819925190516,89.81567445947137,86.5210887716939
32.97738989296312,0.05460662428668297,89.6161617675336,89.23972528311818
33.11950483863031,0.05416286900828479,89.74010674265185,86.7088305142594
33.09506403959982,0.06861679131434129,88.7714007248774,98.61003200817478
33.28210383283783,0.0711887203396411,88.5768866342547,101.66204156412056
33.67265192636556,0.07245121703424169,88.63134836058013,99.5530946258147
33.0463314052237,0.058907777187167165,89.41076516316954,90.2522884339933
33.182556189030116,0.07151980204342828,88.61309553168061,99.90990425373855
32.96621329839374,0.06444404972973924,89.04504505800774,94.8374334783627
33.01896392085968,0.05798757014655567,89.47792016515501,89.57720245473912
32.98461530760218,0.0655468944089,88.9238597897623,96.73677987712303
32.73368184427253,0.06092952986595396,89.23684987543122,92.27658885066246
33.20608629090362,0.057839375912280944,89.50859401169977,89.32119486198233
33.4332440640658,0.06542551108654975,89.01615222534492,95.5041842271137
33.884933856270756,0.07076124553014192,88.80849171021322,96.94935157076989
33.506284578492505,0.0741520615220578,88.43925313259241,103.01334658300443
33.40321862081342,0.05938992124997476,89.44003538895733,90.11381537425973
33.58454247928212,0.07207410392279266,88.6422732416731,99.46719258658777
33.29667713487746,0.07700548909530637,88.27023883729098,104.22600306758456
33.44544699128643,0.06315200395160747,89.2317527419025,91.8830396885763
33.43336372234756,0.07018437271491731,88.73931700922829,97.8486558791292
33.63228051606258,0.07724353050127215,88.31012172929131,103.8489691989775
33.34025626718459,0.06556553532620218,89.02966588089367,95.25617179803665
32.72584512461197,0.06756050143520105,88.7532284964068,99.06248606910862
33.247836956396604,0.06635719830903179,88.95147725125393,95.917339075968
33.012613923781664,0.055604233825622046,89.62051181416754,88.00784540642388
32.904824440149135,0.06644981538443558,88.91978015312117,95.78577495076325
33.065274166347045,0.06619375655982507,88.93797194734988,96.29387782787721
33.42521730002424,0.07217719077887472,88.59907942667262,100.35251674106593
33.390086516535206,0.07032971871471533,88.66980614223982,100.167059678907
33.328527724729355,0.06096472312755145,89.30942899310006,91.9056894890606
32.90744136059088,0.06127553117165665,89.24067961846784,92.32381104187958
32.710340755472814,0.06611376664265185,88.83428417462778,97.85775603049706
33.28162316825459,0.0663436397130575,88.98411422402364,95.16798144871672
33.114331571071354,0.06026686873804949,89.30049316510818,92.13227192754927
33.00433164369722,0.06540774107987152,88.96631612752174,95.98655613888623
32.73126314415722,0.06072607595117113,89.18242505079921,93.98267515398516
33.4942840596717,0.06886951825563209,88.83143755701586,97.57492759711813
33.86270817817342,0.07757433652429406,88.3339073925204,103.26398969355634
32.89048918705073,0.06392276144940028,88.99493788386346,96.56388738996151
33.75775903700852,0.07355192245218749,88.58331820033116,100.34947533990857
33.45800420659808,0.060375518316653186,89.3720506502883,91.33514496285335
33.88089853199481,0.07419054122526719,88.56457900417215,100.30183541612422
33.22236192389352,0.05941603853554636,89.37035830541627,91.58669630060992
33.040404448779555,0.06764713115962388,88.78836422152494,98.52279276759307
32.920326017262454,0.05697669093546146,89.5054902202417,89.53863149632159
33.09328278254686,0.05403763305956876,89.73791535845525,86.78178332107544
32.509616652281046,0.06888553703388839,88.64493063341301,99.72165354195263
33.4337037742862,0.06647530079279736,89.0330854498466,93.86665648596063
33.38662210339342,0.0677500798660678,88.87420456996038,97.66442618847965
33.479745056989,0.055412188003930635,89.73356571496643,86.12809036083041
33.83885128849805,0.08015056363303219,88.18611249922074,105.1393159662353
33.423959071731986,0.06872096167763984,88.91935315297603,94.95237020101544
33.245889478141095,0.06396688611587406,89.12761988167424,93.57810166584565
33.00766809918137,0.066824844078271,88.84509914116278,97.60419738987528
33.93566271637216,0.08320083154749686,88.02348102050566,107.04912134151463
33.2418817434564,0.06348630379789769,89.21520964776764,92.03351900729419
33.32942099870321,0.0759457665023671,88.4074027725499,101.34407531186001
33.11947185762951,0.0617949783303905,89.18381277928923,93.8796948757723
33.19923873840208,0.07082098856070698,88.62812278152488,100.22577174358985
33.21420688096464,0.06706801139232255,88.90416932510408,96.41925583358481
33.14616135279993,0.06776430074102686,88.80998935722207,98.34187682374842
33.10655548895765,0.07521357940043555,88.33746354429819,103.38049615188817
32.81782291322903,0.051261874189960144,89.8363008642108,86.32043042196196
33.088693660642114,0.05812450909511743,89.44248783785207,90.66355597498806
33.07557988762014,0.05522321496388481,89.66123071582834,87.64603117954354
33.091056288260795,0.06897860731013283,88.74697016887579,98.8959539290982
33.30800195634802,0.07130364886406154,88.5608736184098,102.1109240937231
33.67265192636556,0.07245121703424169,88.63134836058013,99.5530946258147
33.0463314052237,0.058907777187167165,89.41076516316954,90.2522884339933
32.997750666692085,0.0774021504706296,88.1781953073214,105.55258511579144
32.96621329839374,0.06444404972973924,89.04504505800774,94.8374334783627
33.02877504652853,0.05878544531980805,89.44529629390122,89.65684426739622
32.88228818507497,0.06364743432729875,89.02073526389012,95.62723242571468
32.69739365478716,0.06221803475638749,89.14098635721368,93.48234471058484
33.156172637363326,0.05512708283300402,89.68639219497699,87.04461519621105
33.11833870413843,0.06192306144875945,89.21871919843711,92.71754091192325
33.506284578492505,0.0741520615220578,88.43925313259241,103.01334658300443
33.40321862081342,0.05938992124997476,89.44003538895733,90.11381537425973
33.58454247928212,0.07207410392279266,88.6422732416731,99.46719258658777
33.182353718083725,0.07265987995574241,88.5382817658241,100.97804297105363
33.58194774655187,0.064201464824497,89.18742057242993,92.36542776315696
33.46259012906046,0.07094847168983041,88.70571692312332,98.24779195370238
33.63228051606258,0.07724353050127215,88.31012172929131,103.8489691989775
33.665629732781994,0.06982503456712028,88.79510490766475,98.44906114586682
32.72238829762046,0.06768874116080764,88.74520495001059,99.14393771955072
33.247836956396604,0.06635719830903179,88.95147725125393,95.917339075968
33.032174570326376,0.056227972013892874,89.58716970034494,88.33807756208411
32.904824440149135,0.06644981538443558,88.91978015312117,95.78577495076325
32.987842913259904,0.06773178177621166,88.82871460360407,97.58458373113224
33.53988033728806,0.07296915693717067,88.61686037373534,99.3033206274099
33.390086516535206,0.07032971871471533,88.66980614223982,100.167059678907
33.26082909149718,0.05867178083451279,89.457494791075,89.99632846760667
32.74384788450892,0.057757888662022194,89.45961529433292,89.40361720048988
32.710340755472814,0.06611376664265185,88.83428417462778,97.85775603049706
33.359915876762045,0.0675665133789338,88.9134826033434,96.04597924459571
33.114331571071354,0.06026686873804949,89.30049316510818,92.13227192754927
33.00433164369722,0.06540774107987152,88.96631612752174,95.98655613888623
32.67440522483584,0.05885100401734374,89.26846636730934,93.39198756901587
33.73521036664318,0.07480315911094125,88.52205026935749,100.8335866995445
33.813860980552185,0.07549846346436317,88.45920981709001,101.8241949871059
32.84934942499892,0.06297879756869094,89.03989094342008,96.15241011566313
33.75775903700852,0.07355192245218749,88.58331820033116,100.34947533990857
33.45800420659808,0.060375518316653186,89.3720506502883,91.33514496285335
33.59433018830711,0.06898540721074449,88.83968830700684,97.24777961028549
33.239736700785556,0.059074984303694414,89.39242457683474,91.36619606139178
32.830970172120495,0.0660404551645375,88.85937193929708,97.53799576780499
32.920326017262454,0.05697669093546146,89.5054902202417,89.53863149632159
33.09091351801027,0.050257588723370876,89.98790512812171,83.81880497695292
32.509616652281046,0.06888553703388839,88.64493063341301,99.72165354195263
33.4337037742862,0.06647530079279736,89.0330854498466,93.86665648596063
33.39203231940163,0.06719114465462192,88.91193748496977,97.18471520953655
33.479745056989,0.055412188003930635,89.73356571496643,86.12809036083041
33.83885128849805,0.08015056363303219,88.18611249922074,105.1393159662353
33.423959071731986,0.06872096167763984,88.91935315297603,94.95237020101544
33.45497711683068,0.07146243028188101,88.68583501237163,98.57078823935548
33.00766809918137,0.066824844078271,88.84509914116278,97.60419738987528
33.89218064542256,0.08197040308442678,88.09960784905938,106.02119864278029
33.2418817434564,0.06348630379789769,89.21520964776764,92.03351900729419
33.32942099870321,0.0759457665023671,88.4074027725499,101.34407531186001
33.17895326020625,0.06110341027778079,89.23637192050695,93.30990733897302
33.19923873840208,0.07082098856070698,88.62812278152488,100.22577174358985
33.107458124507225,0.0665295555404987,88.92227731365419,96.18658427372564
33.13997989464549,0.07556713894748118,88.26885525662722,105.3173602962377
32.96624457169233,0.07540360974166288,88.27203355574392,104.5997885594829
32.81782291322903,0.051261874189960144,89.8363008642108,86.32043042196196
33.06154707800621,0.062428179380770304,89.17415235231407,93.51659281883833
33.03711065187066,0.055205228138253175,89.65434572833888,87.7905117722181
33.091056288260795,0.06897860731013283,88.74697016887579,98.8959539290982
33.36089171317691,0.0754841493615822,88.28402509529882,105.71796275372132
33.67265192636556,0.07245121703424169,88.63134836058013,99.5530946258147
33.0463314052237,0.058907777187167165,89.41076516316954,90.2522884339933
32.997750666692085,0.0774021504706296,88.1781953073214,105.55258511579144
32.96621329839374,0.06444404972973924,89.04504505800774,94.8374334783627
32.90892060624615,0.05577212576223908,89.60480836107928,88.050776571598
32.88228818507497,0.06364743432729875,89.02073526389012,95.62723242571468
32.69739365478716,0.06221803475638749,89.14098635721368,93.48234471058484
33.156172637363326,0.05512708283300402,89.68639219497699,87.04461519621105
33.12072219047574,0.06290818288891177,89.17007915353592,93.06566527029929
33.46680961332824,0.0715478567549289,88.66946041980823,99.14811970022764
33.40321862081342,0.05938992124997476,89.44003538895733,90.11381537425973
33.58454247928212,0.07207410392279266,88.6422732416731,99.46719258658777
33.155438421230045,0.06333736207028254,89.11858241627873,94.48404271121481
33.589906361480054,0.06441571766304027,89.17617190749303,92.46568963092324
33.59564453488763,0.0743622261302095,88.51799051938666,100.65540098806109
33.63228051606258,0.07724353050127215,88.31012172929131,103.8489691989775
33.665629732781994,0.06982503456712028,88.79510490766475,98.44906114586682
32.71186035290789,0.06538443559626812,88.91191126388306,96.75922918096467
33.247836956396604,0.06635719830903179,88.95147725125393,95.917339075968
33.01713027555632,0.05509300010431014,89.65803363910936,87.53485752168416
33.11725757465338,0.07000615062495773,88.73112820358529,97.91598216090404
33.05881714539788,0.06824827784491809,88.80653839759471,97.80851001755948
33.53988033728806,0.07296915693717067,88.61686037373534,99.3033206274099
33.390086516535206,0.07032971871471533,88.66980614223982,100.167059678907
33.1241565533488,0.05250241663390337,89.79302744943632,86.93649607803239
32.74384788450892,0.057757888662022194,89.45961529433292,89.40361720048988
33.11199712442695,0.06523253437571745,88.99701747614841,95.32676597242867
33.34326405710824,0.0669904268672848,88.94771117271222,95.65435760214157
33.114331571071354,0.06026686873804949,89.30049316510818,92.13227192754927
33.00433164369722,0.06540774107987152,88.96631612752174,95.98655613888623
33.03822215586135,0.0668067089339872,88.87356336106933,97.08170577078197
33.73521036664318,0.07480315911094125,88.52205026935749,100.8335866995445
33.8534654497865,0.07787939242465008,88.30815389490358,103.68473454517427
32.84934942499892,0.06297879756869094,89.03989094342008,96.15241011566313
33.78690753203613,0.07414236146167119,88.54885192329017,100.7770212225609
33.45800420659808,0.060375518316653186,89.3720506502883,91.33514496285335
33.59433018830711,0.06898540721074449,88.83968830700684,97.24777961028549
33.138881997153675,0.05552712993539023,89.59549465653325,89.04763471339812
32.90897860067175,0.06750999160643209,88.7880887499058,98.30169879132573
32.920326017262454,0.05697669093546146,89.5054902202417,89.53863149632159
33.09091351801027,0.050257588723370876,89.98790512812171,83.81880497695292
33.03703386008653,0.0693141716004649,88.71344585849657,99.14104840907021
33.28010295535851,0.05920830936176834,89.46093041284134,89.36431666739502
33.39530785779299,0.06923648449326214,88.79498766431102,98.15351819204005
33.479745056989,0.055412188003930635,89.73356571496643,86.12809036083041
33.81872294091583,0.07946369315241973,88.21876235225366,104.80646287998196
33.423959071731986,0.06872096167763984,88.91935315297603,94.95237020101544
33.45497711683068,0.07146243028188101,88.68583501237163,98.57078823935548
33.063089033571366,0.06702894867243131,88.84458798918908,97.57052722992425
33.89218064542256,0.08197040308442678,88.09960784905938,106.02119864278029
33.2418817434564,0.06348630379789769,89.21520964776764,92.03351900729419
33.40423431167201,0.07481041755559072,88.47627756064603,100.79368725981162
33.0830596162177,0.05889926711162579,89.3538887740801,92.09726079954521
33.19923873840208,0.07082098856070698,88.62812278152488,100.22577174358985
33.11032894302452,0.06646025421532539,88.92730296612848,96.12763854694481
33.182052463950704,0.07683611448414054,88.18594984098574,106.44240547074429
32.96660885257333,0.07535401292216631,88.27548178226694,104.55742454971174
32.871089349700426,0.05247766375948534,89.7679357616951,87.07001895773209
33.06154707800621,0.062428179380770304,89.17415235231407,93.51659281883833
33.03711065187066,0.055205228138253175,89.65434572833888,87.7905117722181
33.091056288260795,0.06897860731013283,88.74697016887579,98.8959539290982
33.206308069982924,0.0717440411978414,88.51008455968015,102.71885596440603
33.67265192636556,0.07245121703424169,88.63134836058013,99.5530946258147
33.29338974029474,0.06141117177512139,89.30414101042068,91.25829360083154
32.98355806906669,0.07680554896520986,88.21461954011536,105.11605209406022
32.96621329839374,0.06444404972973924,89.04504505800774,94.8374334783627
32.90892060624615,0.05577212576223908,89.60480836107928,88.050776571598
32.71769897142569,0.05992228023637479,89.22461495131472,93.23925751190149
32.69739365478716,0.06221803475638749,89.14098635721368,93.48234471058484
33.156172637363326,0.05512708283300402,89.68639219497699,87.04461519621105
33.12072219047574,0.06290818288891177,89.17007915353592,93.06566527029929
33.26189241054585,0.07064855641764631,88.7074011932773,98.74496483996691
33.40134567759446,0.05962025250813382,89.42509858973304,90.28214461940978
33.43917858144988,0.07120801904128861,88.6652524616387,99.32113418974046
33.17814191643807,0.06793956302968931,88.81270572313079,98.23667404748417
33.53561625183409,0.06382483154590088,89.19520777634912,92.42622594325194
33.63358059771576,0.07416934447193294,88.53955035332928,100.34467713783798
33.61246663548093,0.07700758614645965,88.31983080590336,103.74721303769586
33.665629732781994,0.06982503456712028,88.79510490766475,98.44906114586682
32.71186035290789,0.06538443559626812,88.91191126388306,96.75922918096467
33.30334127550163,0.06623817149840146,88.97210822488975,95.60902410765854
33.01713027555632,0.05509300010431014,89.65803363910936,87.53485752168416
33.15915887834418,0.07286893682692153,88.55541124903968,99.90009942309682
33.05881714539788,0.06824827784491809,88.80653839759471,97.80851001755948
33.49122243239836,0.07039166536514777,88.77495989486378,97.4416839221947
33.390086516535206,0.07032971871471533,88.66980614223982,100.167059678907
33.1241565533488,0.05250241663390337,89.79302744943632,86.93649607803239
33.06580732029932,0.06425947089285934,89.08794017660699,94.0172618050202
33.11132316783092,0.0654120759410507,88.9836495476601,95.50142181159106
33.34128830915508,0.06700600189678695,88.94613860566062,95.67975165458184
33.03666705757623,0.05856743644728059,89.41555270764225,90.58908580103304
33.00433164369722,0.06540774107987152,88.96631612752174,95.98655613888623
33.063103617802895,0.06705049860184009,88.86277205201189,97.20451416760842
33.84263883317785,0.07848433580209452,88.30042686447905,103.54091701602482
33.8534654497865,0.07787939242465008,88.30815389490358,103.68473454517427
32.51108332251141,0.058380319889465924,89.27140297624446,93.64098657570693
33.78690753203613,0.07414236146167119,88.54885192329017,100.7770212225609
33.45800420659808,0.060375518316653186,89.3720506502883,91.33514496285335
33.59433018830711,0.06898540721074449,88.83968830700684,97.24777961028549
33.138881997153675,0.05552712993539023,89.59549465653325,89.04763471339812
32.88972954058136,0.06793437603535922,88.75210972508782,98.76906006916917
32.87478766077599,0.05470374759173036,89.64406544053439,87.9594318563181
32.997690378479085,0.049021763231382603,90.04888351136482,83.26514918523407
33.03703386008653,0.0693141716004649,88.71344585849657,99.14104840907021
33.273791522674486,0.05816191492543401,89.53540785517939,88.46464771227544
33.365867930809465,0.06813823587172589,88.84884196307355,97.94764334251963
33.479745056989,0.055412188003930635,89.73356571496643,86.12809036083041
33.81872294091583,0.07946369315241973,88.21876235225366,104.80646287998196
33.423959071731986,0.06872096167763984,88.91935315297603,94.95237020101544
33.32755548541791,0.06915438019779516,88.81251591196364,96.93714248495341
33.063089033571366,0.06702894867243131,88.84458798918908,97.57052722992425
33.88855911055401,0.0818992400306166,88.10322461200347,105.98171629243629
33.2418817434564,0.06348630379789769,89.21520964776764,92.03351900729419
33.40423431167201,0.07481041755559072,88.47627756064603,100.79368725981162
33.0830596162177,0.05889926711162579,89.3538887740801,92.09726079954521
33.19315203594633,0.0702075778213616,88.67013592738454,99.67071120150827
33.36860769378733,0.06715757665395515,88.93727953574191,95.71825511248038
33.53942250388329,0.0747521171969931,88.43462255778019,102.51220225916799
32.96660885257333,0.07535401292216631,88.27548178226694,104.55742454971174
32.98011601022355,0.055194419600791314,89.61333981080656,88.76793761407801
33.017156573859644,0.06262290402674361,89.14926365404892,93.94898537252783
32.981570767416166,0.05343939762610232,89.75814912488842,86.62153938947499
33.091056288260795,0.06897860731013283,88.74697016887579,98.8959539290982
33.206308069982924,0.0717440411978414,88.51008455968015,102.71885596440603
33.67265192636556,0.07245121703424169,88.63134836058013,99.5530946258147
33.29338974029474,0.06141117177512139,89.30414101042068,91.25829360083154
32.98355806906669,0.07680554896520986,88.21461954011536,105.11605209406022
32.96621329839374,0.06444404972973924,89.04504505800774,94.8374334783627
32.67570134656812,0.052351476300562035,89.78719339727594,86.1050943809752
32.71769897142569,0.05992228023637479,89.22461495131472,93.23925751190149
32.69739365478716,0.06221803475638749,89.14098635721368,93.48234471058484
33.179881012195445,0.05500751960078705,89.70164391240972,86.80218482014315
33.12072219047574,0.06290818288891177,89.17007915353592,93.06566527029929
33.992090567024896,0.0721123911143496,88.74960754389916,97.53395205142041
33.26189241054585,0.07064855641764631,88.7074011932773,98.74496483996691
33.40134567759446,0.05962025250813382,89.42509858973304,90.28214461940978
33.43917858144988,0.07120801904128861,88.6652524616387,99.32113418974046
33.16284495006392,0.06659917257085063,88.90791219192356,96.85908566545456
33.53561625183409,0.06382483154590088,89.19520777634912,92.42622594325194
33.63358059771576,0.07416934447193294,88.53955035332928,100.34467713783798
33.54254091874417,0.07500266084764072,88.44073552728119,102.228304403181
33.93464886964351,0.07133884028255201,88.74687896236942,98.89905505361568
32.42533706067907,0.06629510476469595,88.76941425656912,98.97887673305347
33.32809684189207,0.06360404444106839,89.13020597984853,93.73606596808176
33.01713027555632,0.05509300010431014,89.65803363910936,87.53485752168416
32.91778537938534,0.07220732305475908,88.56348086250365,99.67390978171964
33.1687767740075,0.0678611353110162,88.85294474236346,97.06657759174198
33.58005953021526,0.07239769648206607,88.67353521883753,98.48564206740429
33.55726137192207,0.06904317417686211,88.81509756768985,97.84580719795476
33.1241565533488,0.05250241663390337,89.79302744943632,86.93649607803239
33.06580732029932,0.06425947089285934,89.08794017660699,94.0172618050202
33.11349752419976,0.06555702475577219,88.97280888746732,95.66664042593185
33.34128830915508,0.06700600189678695,88.94613860566062,95.67975165458184
33.03666705757623,0.05856743644728059,89.41555270764225,90.58908580103304
33.00334258729154,0.06561696824915962,88.95257514622809,96.151650751007
32.859427528411835,0.06543012669873913,88.90147843047399,97.41043904621944
33.84263883317785,0.07848433580209452,88.30042686447905,103.54091701602482
33.44319832357342,0.06722283482346392,88.92128175717056,96.67737743014888
32.51108332251141,0.058380319889465924,89.27140297624446,93.64098657570693
33.78690753203613,0.07414236146167119,88.54885192329017,100.7770212225609
33.5529695456932,0.058295599416272145,89.51418953958843,89.8692693051243
33.84438137013671,0.07094141796964934,88.73449614247782,98.79727507237847
33.26849618877025,0.057496343992207696,89.5047409785256,89.97672639997788
32.88972954058136,0.06793437603535922,88.75210972508782,98.76906006916917
32.93147106847211,0.05098787085775551,89.89878636015543,84.89792850293338
32.87296114040414,0.047281040241839926,90.1363250728901,82.44805657302621
33.00787034845205,0.06949532290032219,88.69534806747117,99.27336041280232
33.273791522674486,0.05816191492543401,89.53540785517939,88.46464771227544
32.99680292342455,0.05890828394085297,89.3623403919983,92.35788453064134
33.48691482197267,0.05584938640121109,89.70591220860005,86.47002467922158
33.81872294091583,0.07946369315241973,88.21876235225366,104.80646287998196
33.42099732586718,0.06885083324665112,88.91203601233791,95.01937706347154
33.32755548541791,0.06915438019779516,88.81251591196364,96.93714248495341
33.063089033571366,0.06702894867243131,88.84458798918908,97.57052722992425
33.2418817434564,0.06348630379789769,89.21520964776764,92.03351900729419
33.32846856513848,0.07341665700401502,88.54372782541842,100.18692567790771
33.095932309197195,0.05880205361171347,89.36510935395523,91.9178953193736
33.2671428859497,0.07025346774623606,88.67001202280925,99.8571957908539
33.53751069973637,0.06722868737666249,88.98852315152554,94.69424457168164
33.53942250388329,0.0747521171969931,88.43462255778019,102.51220225916799
32.96660885257333,0.07535401292216631,88.27548178226694,104.55742454971174
32.98011601022355,0.055194419600791314,89.61333981080656,88.76793761407801
33.04482020794869,0.06250155394392999,89.16477399471742,93.67952347706027
32.982734924070314,0.0526052016427462,89.812205222501,85.9987422502211
33.21653361288586,0.06941501557669273,88.74733744764616,98.70628261938982
33.206308069982924,0.0717440411978414,88.51008455968015,102.71885596440603
33.558090522769184,0.07227749317083351,88.60155885859271,100.33079129199011
33.29338974029474,0.06141117177512139,89.30414101042068,91.25829360083154
32.98355806906669,0.07680554896520986,88.21461954011536,105.11605209406022
32.96621329839374,0.06444404972973924,89.04504505800774,94.8374334783627
32.849857444628675,0.0535315091448576,89.7329964177687,86.85236188464283
32.703543820881066,0.05965291021542125,89.23815838706372,93.0841228099465
32.72721691562682,0.06291706456104051,89.0981799655382,94.0386085955648
33.179881012195445,0.05500751960078705,89.70164391240972,86.80218482014315
33.12072219047574,0.06290818288891177,89.17007915353592,93.06566527029929
33.2323482663897,0.07098237509577743,88.66940261490853,99.43676812029214
33.40134567759446,0.05962025250813382,89.42509858973304,90.28214461940978
33.43917858144988,0.07120801904128861,88.6652524616387,99.32113418974046
33.15483497663614,0.06596667528789757,88.94914656231124,96.34653042749693
33.535700217325996,0.06406588623777171,89.1784293520123,92.64872144585708
33.63358059771576,0.07416934447193294,88.53955035332928,100.34467713783798
33.54254091874417,0.07500266084764072,88.44073552728119,102.228304403181
33.93464886964351,0.07133884028255201,88.74687896236942,98.89905505361568
32.42533706067907,0.06629510476469595,88.76941425656912,98.97887673305347
33.27233157428125,0.06258269572667886,89.18264388774338,93.28059877794625
33.01713027555632,0.05509300010431014,89.65803363910936,87.53485752168416
33.073495228451925,0.07116871790027496,88.671334958877,98.23364869074005
33.1687767740075,0.0678611353110162,88.85294474236346,97.06657759174198
33.50869765827632,0.071908696682093,88.67273174012077,98.79843029060639
33.62860152320054,0.06959829354616755,88.78734265319117,98.2089212082529
33.036610544139066,0.05826543192781207,89.40430009414305,91.35532880517405
33.06580732029932,0.06425947089285934,89.08794017660699,94.0172618050202
33.107047781479864,0.06546520367106202,88.97691219789063,95.6270849622536
33.34128830915508,0.06700600189678695,88.94613860566062,95.67975165458184
33.021397703533054,0.05759547994971815,89.47698456871034,89.83032492864132
33.00334258729154,0.06561696824915962,88.95257514622809,96.151650751007
32.75361447909039,0.06996060146498663,88.59634322922555,100.91524128813751
33.84112989211277,0.07854612703727418,88.2952743518859,103.62076493066441
33.44319832357342,0.06722283482346392,88.92128175717056,96.67737743014888
32.5943864354595,0.05069104919320781,89.75908864463598,88.45518771777697
33.78690753203613,0.07414236146167119,88.54885192329017,100.7770212225609
33.5529695456932,0.058295599416272145,89.51418953958843,89.8692693051243
33.84438137013671,0.07094141796964934,88.73449614247782,98.79727507237847
33.31480906423281,0.05879707619794617,89.40183376321932,91.63583440517944
32.88147600864788,0.06495297967346692,88.95515346903271,96.30230113268648
32.93147106847211,0.05098787085775551,89.89878636015543,84.89792850293338
32.89293224632987,0.049660004065300065,89.99042732038366,84.02013708737785
33.00787034845205,0.06949532290032219,88.69534806747117,99.27336041280232
33.38798501664658,0.060555079423614044,89.41418967902845,89.65445721250288
32.99680292342455,0.05890828394085297,89.3623403919983,92.35788453064134
33.48691482197267,0.05584938640121109,89.70591220860005,86.47002467922158
33.650387292693324,0.07397650875373141,88.53367928167495,101.16245445694409
33.375022172900266,0.06862814043973899,88.92681864217299,94.67212065741094
33.32755548541791,0.06915438019779516,88.81251591196364,96.93714248495341
33.064347787737354,0.06574648952020436,88.9572768297606,95.92512036005434
33.2418817434564,0.06348630379789769,89.21520964776764,92.03351900729419
33.274278443429196,0.0760906639091776,88.32802553654618,103.21333699207187
33.11277642179093,0.05458278059283596,89.63206568850164,89.01886754160206
33.302558041333874,0.06938572631295964,88.76311423520035,98.19127245250796
33.516510199032865,0.06752757571566945,88.96229407931084,95.05705950930482
33.53942250388329,0.0747521171969931,88.43462255778019,102.51220225916799
33.24086697021247,0.07458259478243039,88.3907529374704,102.99062393495707
32.7355087397164,0.05034031715039867,89.85476533534475,86.82344268189053
33.04482020794869,0.06250155394392999,89.16477399471742,93.67952347706027
32.889230330689124,0.048245532474237116,90.06152055074826,83.40824317230243
33.07527089817952,0.07807064884106067,88.16212515589378,105.82244185910864
33.206308069982924,0.0717440411978414,88.51008455968015,102.71885596440603
33.508549813575215,0.07160635340242831,88.6468923669112,99.60151486361057
33.3107754951211,0.06255332948644607,89.23367533521652,92.1196100930742
32.983679735574455,0.07673674387594236,88.21915765827733,105.06092477717421
32.96080778141117,0.068317463620181,88.79404691904129,97.72926122417381
32.844603894912254,0.05341028361887626,89.74018348927571,86.7653693825844
32.90489052267357,0.06181760775449039,89.14003449608502,94.19957890772639
32.88319067541927,0.06518983599189676,88.97075219943734,95.66585455616308
33.179881012195445,0.05500751960078705,89.70164391240972,86.80218482014315
33.12072219047574,0.06290818288891177,89.17007915353592,93.06566527029929
33.70563471808238,0.06734333170983407,88.97275464820245,95.65273347826482
33.2323482663897,0.07098237509577743,88.66940261490853,99.43676812029214
33.40134567759446,0.05962025250813382,89.42509858973304,90.28214461940978
33.46883504796632,0.07229676829578315,88.60083461737895,100.15525228680926
33.20211113330562,0.06891019841412004,88.76118459567583,98.57157215209335
33.5768747782411,0.0647007322713701,89.1449608191987,92.99924340648353
33.733913695942206,0.07581354582306078,88.45005612848853,101.46186816334155
33.51584143999416,0.07424385477863658,88.49602372870704,101.39406138495046
33.93464886964351,0.07133884028255201,88.74687896236942,98.89905505361568
32.443101519918415,0.0646553612901742,88.87341363751847,97.8730007438506
33.16611002822509,0.06116613995462451,89.25192031487173,92.92487485010054
33.01713027555632,0.05509300010431014,89.65803363910936,87.53485752168416
33.073495228451925,0.07116871790027496,88.671334958877,98.23364869074005
33.03458182920543,0.06852633477853429,88.78045019682276,98.14537519172896
33.40828793588344,0.06895941235596578,88.83845062120481,96.95052334741902
33.62860152320054,0.06959829354616755,88.78734265319117,98.2089212082529
33.036610544139066,0.05826543192781207,89.40430009414305,91.35532880517405
33.074081657346724,0.06454179378741233,89.0681044453159,94.29373168505518
33.2100582569291,0.06666006462398988,88.92956461611125,96.07964088911395
33.51429332474766,0.06640967846007857,89.01529490328011,94.7478368542453
33.08412120241649,0.05414887821583368,89.7067316798537,87.181944154729
33.00334258729154,0.06561696824915962,88.95257514622809,96.151650751007
32.937489761404244,0.06903614677271745,88.70578952460849,99.27712659734836
33.43599949601425,0.06419522593164935,89.11834961111128,94.25546087577622
32.5672846053885,0.049241964676563374,89.84228904406758,87.60035966344299
33.76043947127617,0.07312116984566382,88.60913014695875,100.02237445857392
33.5529695456932,0.058295599416272145,89.51418953958843,89.8692693051243
33.94490761655017,0.06958884411675995,88.83233144537903,97.65459025870013
33.20120814560186,0.05648284460537216,89.5491039846748,89.63907877800726
32.781516963128844,0.06628285894928687,88.85093356342962,97.48840077045877
32.93147106847211,0.05098787085775551,89.89878636015543,84.89792850293338
33.07146005621293,0.05215599380610889,89.85308719700595,85.54431538730381
33.00787034845205,0.06949532290032219,88.69534806747117,99.27336041280232
33.38798501664658,0.060555079423614044,89.41418967902845,89.65445721250288
32.99680292342455,0.05890828394085297,89.3623403919983,92.35788453064134
33.418924204434205,0.057013875330714385,89.58578559835136,88.5107849534069
33.68026890276445,0.07353134258629034,88.5639801022969,100.80655158144222
33.33910150944164,0.06922086039008205,88.86200963322125,95.8717043948933
33.226290351768654,0.06963945330240923,88.76959740272245,97.2811599249117
33.064347787737354,0.06574648952020436,88.9572768297606,95.92512036005434
33.98647302748324,0.0835480467481595,87.99359037461151,107.47510992100221
33.2418817434564,0.06348630379789769,89.21520964776764,92.03351900729419
33.274278443429196,0.0760906639091776,88.32802553654618,103.21333699207187
33.05763513671997,0.053432562130482704,89.69490347585612,88.30461209207844
33.29513850316339,0.06984160893743623,88.72805234745337,98.67240324437819
